0.319250
0.996341
0.999156
0.997941
0.686156
0.998785
0.141959
0.995471
0.998597
0.997465
0.997860
0.999101
0.996326
0.910785
0.610822
0.999172
0.998313
0.686967
0.999041
0.998801
0.999221
0.997720
0.988954
0.998504
0.998916
0.999133
0.998701
0.867265
0.994821
0.998940
0.987699
0.991347
0.998933
0.037252
0.999207
0.996381
0.999135
0.998817
0.999141
0.998925
0.020382
0.998925
0.997596
0.997369
0.690234
0.999007
0.997851
0.954378
0.998545
0.998802
0.999037
0.805934
0.881749
0.998818
0.999056
0.760256
0.998947
0.999107
0.999052
0.997664
0.997767
0.011699
0.063552
0.770095
0.998756
0.783726
0.699210
0.070118
0.999215
0.998990
0.998972
0.999196
0.998764
0.998327
0.364455
0.998988
0.628250
0.998822
0.989306
0.688319
0.998961
0.709539
0.809574
0.998794
0.832596
0.998358
0.948334
0.998881
0.998969
0.953875
0.945336
0.633456
0.995223
0.998042
0.944991
0.999123
0.999065
0.994553
0.999016
0.999168
0.997092
0.999043
0.755251
0.989503
0.999203
0.960285
0.644591
0.544254
0.952650
0.997882
0.961983
0.998207
0.680069
0.998964
0.998981
0.991460
0.998910
0.998569
0.938575
0.996899
0.855869
0.929877
0.072016
0.993592
0.999047
0.998698
0.998085
0.331291
0.594393
0.999062
0.994409
0.999181
0.997833
0.991264
0.658872
0.343096
0.976796
0.565878
0.998822
0.941868
0.998726
0.999137
0.998874
0.999017
0.999184
0.998278
0.998953
0.826412
0.998784
0.999137
0.968136
0.971011
0.997038
0.999040
0.998811
0.981373
0.784124
0.729540
0.924718
0.998713
0.626406
0.998877
0.998913
0.998543
0.109051
0.997888
0.632944
0.999118
0.997759
0.999080
0.996074
0.445080
0.998795
0.998296
0.948468
0.997115
0.974796
0.998694
0.996479
0.994554
0.997611
0.999085
0.996888
0.721303
0.999039
0.891762
0.771871
0.997935
0.998609
0.578975
0.998618
0.750563
0.917611
0.974897
0.874768
0.695157
0.998914
0.727938
0.528235
0.997896
0.999030
0.997276
0.999010
0.999019
0.996830
0.999102
0.998887
0.998695
0.998801
0.875589
0.997806
0.004488
0.661729
0.998876
0.995942
0.694206
0.986047
0.997837
0.938621
0.999145
0.003422
0.954462
0.998048
0.997453
0.997932
0.999047
0.994915
0.998822
0.983315
0.999035
0.981056
0.621270
0.998517
0.331188
0.998778
0.510972
0.999165
0.041082
0.999017
0.998562
0.499863
0.332487
0.999050
0.146934
0.619550
0.969259
0.954991
0.997791
0.998247
0.439024
0.998063
0.999031
0.999134
0.996694
0.999077
0.727774
0.998816
0.997766
0.040637
0.999061
0.998337
0.998196
0.986960
0.671367
0.997740
0.782661
0.346261
0.999033
0.550485
0.681846
0.914771
0.998396
0.998639
0.999198
0.997299
0.952941
0.009265
0.597867
0.998823
0.997085
0.073625
0.997019
0.216313
0.996264
0.998438
0.999058
0.948778
0.999081
0.998628
0.998968
0.625632
0.997508
0.998979
0.997375
0.998991
0.995995
0.745201
0.014837
0.999248
0.998199
0.070316
0.998894
0.999089
0.997663
0.999063
0.501321
0.994005
0.504902
0.687057
0.891167
0.998276
0.998893
0.998347
0.995101
0.999198
0.809580
0.005526
0.995978
0.997702
0.998628
0.810742
0.988465
0.996527
0.949747
0.999112
0.998373
0.989680
0.998520
0.997423
0.999133
0.999159
0.009048
0.341628
0.997993
0.939628
0.999130
0.998946
0.035036
0.999087
0.993053
0.998682
0.999153
0.999039
0.177696
0.996791
0.998801
0.982131
0.998315
0.998649
0.998912
0.998738
0.999059
0.999001
0.998927
0.998687
0.999185
0.998562
0.005475
0.999122
0.990070
0.998923
0.999054
0.997344
0.996793
0.875351
0.911160
0.998730
0.990374
0.047552
0.998143
0.998977
0.998837
0.998821
0.691089
0.999151
0.998942
0.345230
0.996055
0.998993
0.465385
0.998950
0.323257
0.998528
0.992242
0.985802
0.154175
0.852834
0.998875
0.999083
0.925780
0.998999
0.998057
0.999193
0.405884
0.999042
0.999006
0.999236
0.999130
0.998944
0.981512
0.998675
0.999120
0.445598
0.998672
0.999205
0.999030
0.559790
0.276938
0.998696
0.999061
0.998716
0.998786
0.748521
0.997797
0.999122
0.998999
0.968786
0.998379
0.999052
0.041146
0.998957
0.561994
0.998889
0.987046
0.995432
0.009107
0.998871
0.986308
0.952758
0.996335
0.842712
0.999105
0.949103
0.980713
0.998962
0.920097
0.999128
0.994640
0.989461
0.999139
0.999085
0.669439
0.675599
0.998879
0.999075
0.996424
0.998330
0.999154
0.999051
0.964755
0.980920
0.997298
0.998249
0.610502
0.921729
0.789870
0.998964
0.654455
0.999089
0.998580
0.999099
0.999085
0.989779
0.998948
0.993239
0.998887
0.999067
0.999032
0.999113
0.998910
0.998218
0.998962
0.994136
0.998239
0.998520
0.998996
0.999059
0.368527
0.997498
0.998624
0.999220
0.745480
0.998469
0.097447
0.998276
0.922142
0.874690
0.999200
0.825707
0.949978
0.998750
0.998993
0.895025
0.505583
0.999061
0.419644
0.697598
0.997926
0.999149
0.998899
0.998538
0.893417
0.056898
0.998975
0.665513
0.418739
0.109526
0.891801
0.328703
0.999108
0.999121
0.075296
0.810734
0.980402
0.007785
0.713286
0.999178
0.998787
0.997374
0.888757
0.998986
0.999134
0.497145
0.999239
0.564057
0.899649
0.999175
0.997978
0.734742
0.999077
0.998868
0.988068
0.993224
0.703919
0.303024
0.998610
0.997448
0.999070
0.999007
0.396248
0.998953
0.998956
0.612171
0.065553
0.999071
0.975488
0.057556
0.886700
0.995485
0.999164
0.996195
0.998380
0.998547
0.999072
0.399436
0.603591
0.999089
0.999124
0.981108
0.998550
0.999086
0.999212
0.999121
0.998850
0.999116
0.036902
0.998841
0.679750
0.998720
0.980711
0.657736
0.999035
0.990925
0.783430
0.914876
0.165560
0.998439
0.998831
0.998407
0.998122
0.759709
0.996774
0.998467
0.998714
0.998613
0.998504
0.289480
0.998653
0.998574
0.999089
0.995714
0.032137
0.998460
0.118689
0.998644
0.992364
0.719251
0.255671
0.998842
0.583125
0.998879
0.999069
0.217366
0.983978
0.996570
0.021037
0.998173
0.998860
0.999100
0.999201
0.996028
0.991355
0.999075
0.998640
0.974454
0.999168
0.131268
0.995578
0.998995
0.998118
0.999154
0.997053
0.521684
0.340580
0.996690
0.999110
0.456532
0.715211
0.999130
0.998147
0.998995
0.515654
0.363929
0.999220
0.998250
0.899949
0.998800
0.885586
0.999024
0.999010
0.873632
0.997691
0.998514
0.999149
0.999167
0.946876
0.991027
0.558455
0.999090
0.616825
0.961160
0.841259
0.888040
0.986405
0.814379
0.999114
0.998870
0.557734
0.998809
0.999019
0.998245
0.983003
0.980005
0.997903
0.990372
0.998519
0.998658
0.998094
0.994303
0.990882
0.110846
0.428860
0.999045
0.996767
0.998541
0.999139
0.999058
0.999174
0.999193
0.656861
0.955389
0.998876
0.652185
0.998752
0.326256
0.996068
0.999206
0.996543
0.970574
0.003513
0.014732
0.970133
0.999077
0.999023
0.783833
0.998010
0.904327
0.998268
0.998892
0.953028
0.997445
0.999022
0.990433
0.473873
0.840247
0.878209
0.999109
0.999118
0.999178
0.999191
0.998972
0.989632
0.694050
0.999166
0.005512
0.997482
0.997210
0.999147
0.998943
0.999146
0.999131
0.958507
0.998883
0.998980
0.999056
0.883732
0.997582
0.989478
0.653600
0.999204
0.999157
0.998659
0.999130
0.982155
0.996308
0.892012
0.982706
0.976793
0.991871
0.998869
0.003849
0.012374
0.075700
0.969429
0.998646
0.935508
0.927424
0.994461
0.996884
0.999025
0.998161
0.996605
0.998185
0.685459
0.771758
0.997500
0.998830
0.999225
0.992432
0.998811
0.999110
0.998828
0.981074
0.998978
0.660669
0.911586
0.993721
0.985474
0.998605
0.481330
0.999037
0.998151
0.997788
0.323291
0.999118
0.019320
0.652225
0.321685
0.988916
0.998999
0.532947
0.998860
0.998814
0.999021
0.454457
0.998865
0.327115
0.003131
0.996295
0.999079
0.513460
0.999150
0.999065
0.996076
0.666730
0.999159
0.998263
0.225336
0.409844
0.002739
0.995443
0.998658
0.378931
0.999013
0.998937
0.834353
0.999193
0.995075
0.998317
0.999104
0.106498
0.999118
0.998884
0.905461
0.999106
0.999095
0.999105
0.126840
0.999061
0.998735
0.999033
0.998934
0.410653
0.995080
0.999060
0.998655
0.568472
0.998560
0.648878
0.994126
0.996278
0.668022
0.998736
0.998586
0.998324
0.999032
0.998976
0.997548
0.998713
0.998841
0.706447
0.998819
0.999143
0.999126
0.887493
0.999166
0.674623
0.978879
0.999082
0.310345
0.998760
0.999200
0.005110
0.406143
0.999129
0.999141
0.999149
0.999117
0.031162
0.998062
0.998873
0.996654
0.998966
0.997644
0.823989
0.999106
0.101556
0.586265
0.713571
0.589884
0.998757
0.999023
0.999127
0.712774
0.968608
0.998930
0.355607
0.689221
0.308560
0.979726
0.997002
0.437793
0.678988
0.999004
0.994643
0.513775
0.999011
0.998887
0.997959
0.544352
0.699903
0.998658
0.998687
0.996115
0.998332
0.899748
0.999050
0.997396
0.997959
0.998622
0.855288
0.641575
0.974764
0.981136
0.732853
0.999135
0.997028
0.998539
0.999007
0.998667
0.980390
0.999000
0.978115
0.904991
0.999009
0.004803
0.997400
0.998622
0.993638
0.005944
0.069091
0.766822
0.998930
0.994600
0.999110
0.692061
0.998932
0.668258
0.383609
0.998917
0.993197
0.002584
0.998340
0.998054
0.997226
0.998360
0.999119
0.657469
0.999078
0.998104
0.998856
0.935956
0.999133
0.997442
0.997925
0.998905
0.998904
0.999132
0.999077
0.592535
0.991848
0.993712
0.368230
0.998802
0.999180
0.998881
0.991628
0.998957
0.691818
0.999071
0.997933
0.998710
0.981987
0.998666
0.996078
0.934852
0.999030
0.896448
0.914637
0.999110
0.995851
0.972932
0.998871
0.999062
0.997989
0.998672
0.169408
0.998723
0.352848
0.998973
0.988236
0.996091
0.998862
0.996126
0.701539
0.998836
0.973685
0.825892
0.663702
0.999087
0.998654
0.968921
0.183588
0.262972
0.999142
0.995676
0.993061
0.995170
0.221936
0.999113
0.998996
0.998466
0.993882
0.241277
0.998923
0.998553
0.998372
0.021276
0.998317
0.999098
0.995652
0.998608
0.478038
0.985567
0.005972
0.999072
0.508221
0.648535
0.981483
0.998852
0.996313
0.042085
0.632940
0.998925
0.997897
0.999098
0.999132
0.942921
0.999228
0.998842
0.222897
0.999003
0.757207
0.998408
0.127966
0.664781
0.998901
0.998913
0.999146
0.997658
0.003329
0.998764
0.999062
0.969278
0.990387
0.991466
0.857255
0.947705
0.042694
0.762125
0.997262
0.998777
0.998350
0.991606
0.029303
0.999107
0.999098
0.998980
0.998952
0.997827
0.998571
0.977103
0.322161
0.956877
0.998901
0.271273
0.713846
0.998928
0.009242
0.998926
0.999116
0.998917
0.385032
0.158452
0.997022
0.998166
0.999054
0.996672
0.733176
0.605756
0.734874
0.680347
0.999070
0.996902
0.650855
0.985617
0.236579
0.999079
0.309289
0.997329
0.701261
0.999209
0.999149
0.999098
0.532987
0.999005
0.998563
0.484843
0.999199
0.994780
0.583084
0.998215
0.998001
0.999037
0.950557
0.998933
0.995636
0.008932
0.742232
0.980894
0.964701
0.998773
0.998978
0.692128
0.980904
0.998734
0.998595
0.998949
0.998060
0.824274
0.079953
0.997167
0.999005
0.814640
0.994171
0.999075
0.756406
0.998763
0.997792
0.998140
0.985818
0.998001
0.998746
0.165689
0.638386
0.998661
0.999143
0.998236
0.995724
0.878991
0.999086
0.868874
0.435283
0.999105
0.997585
0.999121
0.993906
0.767474
0.988667
0.998789
0.027038
0.995575
0.720128
0.988236
0.997159
0.953484
0.663589
0.995985
0.998942
0.998844
0.999125
0.887166
0.999006
0.339790
0.868729
0.980102
0.921132
0.936731
0.997857
0.863669
0.999015
0.136399
0.999020
0.626428
0.998906
0.989826
0.999096
0.355860
0.999152
0.997691
0.999008
0.999043
0.998955
0.998832
0.997194
0.835547
0.665401
0.996292
0.473033
0.584417
0.999112
0.996971
0.883198
0.947387
0.996956
0.511504
0.895266
0.981067
0.999047
0.877918
0.680198
0.732302
0.140616
0.878262
0.555846
0.996852
0.063445
0.999027
0.999111
0.998923
0.998604
0.998063
0.998930
0.669636
0.926165
0.629072
0.995008
0.096691
0.998996
0.998743
0.893480
0.998863
0.999176
0.998590
0.995101
0.723487
0.956667
0.779223
0.575125
0.239859
0.786928
0.843202
0.007673
0.987754
0.965493
0.998813
0.844895
0.998921
0.998723
0.755945
0.934262
0.975142
0.998342
0.995458
0.998905
0.999042
0.146049
0.665558
0.666467
0.999154
0.999109
0.455113
0.507106
0.999199
0.245588
0.998900
0.794921
0.999056
0.995859
0.998532
0.997910
0.997282
0.999141
0.498295
0.520689
0.999083
0.351251
0.998094
0.935970
0.999031
0.287601
0.998977
0.998059
0.253196
0.722505
0.011005
0.516667
0.999094
0.998939
0.858915
0.998992
0.980592
0.998965
0.991762
0.088687
0.998986
0.999133
0.996541
0.686745
0.773753
0.922053
0.998723
0.999155
0.712899
0.998468
0.985989
0.998681
0.998979
0.998407
0.999081
0.649203
0.998559
0.998951
0.999137
0.998766
0.998868
0.765618
0.997968
0.998424
0.993401
0.996936
0.088074
0.974482
0.948320
0.994321
0.033911
0.998007
0.575701
0.999148
0.937578
0.998592
0.998220
0.940947
0.919890
0.998777
0.999019
0.974759
0.998954
0.732930
0.996409
0.998372
0.040672
0.999102
0.999119
0.905164
0.999121
0.137303
0.998294
0.006469
0.998899
0.642805
0.290649
0.996233
0.998542
0.999096
0.609380
0.458205
0.066105
0.998390
0.661835
0.004341
0.999168
0.993681
0.998651
0.361143
0.998761
0.848745
0.984841
0.998972
0.998823
0.167874
0.812877
0.999073
0.999134
0.998707
0.641049
0.784341
0.215718
0.999059
0.998963
0.998980
0.998756
0.983953
0.999019
0.703450
0.668125
0.997673
0.999110
0.999062
0.986465
0.910395
0.998978
0.998663
0.998710
0.669038
0.998548
0.461129
0.998994
0.996124
0.998427
0.943365
0.267767
0.006892
0.999073
0.999167
0.999136
0.961887
0.999011
0.314100
0.001896
0.641943
0.998317
0.984672
0.436111
0.999129
0.999161
0.999061
0.959738
0.992880
0.999056
0.999152
0.999152
0.998585
0.998776
0.998927
0.687978
0.005541
0.998854
0.814360
0.991258
0.736399
0.274870
0.997376
0.976923
0.570833
0.738284
0.661441
0.998641
0.998875
0.329204
0.835108
0.998980
0.997817
0.999167
0.517358
0.999086
0.683998
0.002069
0.998447
0.998940
0.993634
0.998761
0.746260
0.963872
0.999019
0.998927
0.998516
0.643505
0.999081
0.999013
0.047804
0.338076
0.983891
0.998936
0.999061
0.311494
0.995916
0.999115
0.509503
0.997971
0.998941
0.998057
0.998437
0.624716
0.994365
0.593143
0.998183
0.999071
0.954607
0.818940
0.998976
0.999164
0.853135
0.997071
0.999064
0.711424
0.777889
0.993992
0.998953
0.998728
0.994700
0.962208
0.997970
0.998506
0.997094
0.998966
0.998846
0.998656
0.998617
0.006816
0.987058
0.945462
0.998904
0.966371
0.983610
0.998877
0.763251
0.998641
0.321757
0.999181
0.988778
0.997103
0.006519
0.998623
0.998745
0.998593
0.997456
0.999082
0.997696
0.897019
0.998818
0.998873
0.509342
0.999248
0.985484
0.993351
0.996646
0.998769
0.998450
0.998878
0.608757
0.993429
0.999074
0.942897
0.990666
0.998282
0.999049
0.999074
0.998898
0.998070
0.999111
0.998897
0.999170
0.999093
0.998717
0.996507
0.968645
0.999086
0.039134
0.217101
0.998538
0.633999
0.011754
0.986663
0.020259
0.998317
0.074655
0.880253
0.998863
0.907301
0.392049
0.999079
0.995028
0.919086
0.999020
0.998854
0.355933
0.998524
0.998888
0.975954
0.999016
0.974123
0.998113
0.999100
0.995261
0.999045
0.998680
0.003959
0.934042
0.993248
0.736206
0.962389
0.999165
0.088277
0.999109
0.997339
0.997419
0.225060
0.999111
0.875616
0.988130
0.278442
0.999022
0.999051
0.999124
0.894729
0.999111
0.512194
0.997528
0.222690
0.844341
0.999052
0.999204
0.669239
0.998990
0.999179
0.998280
0.998268
0.642812
0.866851
0.998880
0.995469
0.990979
0.751464
0.742105
0.995917
0.534272
0.998792
0.997687
0.739377
0.983577
0.997664
0.999043
0.988733
0.998868
0.998224
0.999132
0.999089
0.998495
0.998610
0.410129
0.998337
0.718823
0.973193
0.887048
0.996235
0.999103
0.976398
0.994661
0.999073
0.998729
0.999194
0.917843
0.902748
0.004176
0.724227
0.377079
0.923505
0.986306
0.161785
0.677523
0.742795
0.998965
0.999142
0.521904
0.998784
0.997805
0.999047
0.998930
0.435167
0.998631
0.108030
0.667318
0.720621
0.999051
0.995871
0.996044
0.998722
0.999094
0.999087
0.999156
0.089134
0.998444
0.942085
0.912994
0.998237
0.997273
0.999142
0.999116
0.999111
0.635870
0.808763
0.552704
0.850988
0.461926
0.999057
0.936213
0.999125
0.800676
0.998984
0.996815
0.987895
0.646188
0.088350
0.986088
0.999045
0.999169
0.992407
0.999192
0.996149
0.270699
0.998784
0.516736
0.370212
0.998950
0.999179
0.987954
0.999093
0.998886
0.999173
0.244013
0.999026
0.682262
0.996321
0.998731
0.012526
0.999068
0.249584
0.999190
0.999117
0.119622
0.998223
0.468959
0.997854
0.997458
0.999156
0.977504
0.999105
0.966224
0.992607
0.997991
0.998827
0.997523
0.306054
0.999136
0.997862
0.998770
0.466065
0.996972
0.742794
0.640272
0.999175
0.985092
0.997819
0.999111
0.999047
0.995355
0.769312
0.682842
0.999180
0.787335
0.996756
0.908408
0.994259
0.998237
0.992475
0.998869
0.025155
0.357821
0.998873
0.010392
0.998979
0.998962
0.900503
0.999160
0.998607
0.998993
0.923647
0.995844
0.991923
0.998966
0.999124
0.701937
0.345800
0.998617
0.658234
0.998987
0.999061
0.970731
0.989075
0.762458
0.999102
0.934454
0.207722
0.996912
0.393903
0.995671
0.998331
0.999140
0.999127
0.753264
0.998562
0.999198
0.995888
0.999085
0.996642
0.998952
0.998945
0.999136
0.998957
0.990934
0.999010
0.998867
0.077748
0.999102
0.691192
0.247811
0.998304
0.993857
0.808698
0.998925
0.439254
0.999064
0.998976
0.021182
0.997818
0.971188
0.996345
0.998892
0.997877
0.999168
0.325410
0.562218
0.999092
0.972349
0.998739
0.575875
0.999016
0.996146
0.997678
0.999196
0.907672
0.001514
0.998767
0.987278
0.998896
0.023872
0.951037
0.999016
0.996444
0.980837
0.737980
0.997014
0.998196
0.998998
0.997415
0.998967
0.657845
0.998980
0.998754
0.998913
0.040118
0.999068
0.316571
0.996428
0.999028
0.990189
0.504157
0.996885
0.998841
0.998902
0.392358
0.995344
0.998527
0.998996
0.999114
0.880212
0.746629
0.999096
0.888114
0.999074
0.998835
0.999013
0.998827
0.998930
0.009030
0.268691
0.997924
0.999153
0.998589
0.553083
0.991962
0.999182
0.999149
0.998650
0.998160
0.998172
0.998894
0.998429
0.999170
0.999095
0.708119
0.808594
0.999105
0.730482
0.991328
0.997802
0.999076
0.999185
0.998272
0.999033
0.973282
0.668385
0.622981
0.973270
0.998733
0.999180
0.999154
0.998404
0.972948
0.995462
0.999220
0.999112
0.145092
0.848470
0.998891
0.994957
0.998278
0.999132
0.998988
0.999180
0.998850
0.969234
0.936502
0.677212
0.982352
0.999149
0.999115
0.540065
0.998561
0.998772
0.871922
0.991369
0.998890
0.995031
0.999168
0.516670
0.998834
0.999019
0.998593
0.360857
0.861873
0.999209
0.999113
0.007460
0.999085
0.998491
0.907000
0.972621
0.998283
0.995852
0.998993
0.632726
0.701197
0.998916
0.999015
0.998146
0.998506
0.996614
0.998678
0.998228
0.998646
0.747089
0.998805
0.698680
0.999129
0.998943
0.673891
0.583867
0.999015
0.002010
0.940116
0.661080
0.998805
0.999111
0.995801
0.998660
0.998575
0.999059
0.993764
0.155194
0.941739
0.998125
0.997184
0.998860
0.933736
0.997962
0.627340
0.999175
0.635436
0.998939
0.999046
0.170508
0.999148
0.995206
0.997243
0.171098
0.821808
0.999223
0.997408
0.995542
0.973382
0.374287
0.998866
0.998978
0.998048
0.058827
0.998591
0.999005
0.998922
0.310399
0.590353
0.927179
0.999155
0.624681
0.742535
0.999060
0.998530
0.660891
0.676785
0.999122
0.659226
0.997727
0.563934
0.999113
0.999032
0.998749
0.998350
0.999037
0.798340
0.997957
0.892398
0.996341
0.812597
0.034769
0.998871
0.998897
0.936187
0.997236
0.998701
0.327391
0.009036
0.999080
0.984455
0.028834
0.849355
0.946215
0.998519
0.998855
0.996180
0.597026
0.003056
0.817451
0.628487
0.958322
0.998971
0.997901
0.998746
0.998961
0.998580
0.998393
0.868781
0.998718
0.997676
0.034790
0.179537
0.067719
0.999115
0.999042
0.821430
0.815533
0.996909
0.629718
0.490778
0.999068
0.998915
0.421076
0.997912
0.999086
0.998844
0.998864
0.204809
0.999101
0.998729
0.998917
0.711370
0.192730
0.779742
0.996587
0.975887
0.998863
0.464464
0.998556
0.998495
0.998667
0.999148
0.662823
0.997471
0.458292
0.984341
0.997596
0.999048
0.999008
0.994040
0.998775
0.998521
0.707245
0.687009
0.998960
0.998681
0.996194
0.553046
0.998727
0.999189
0.771539
0.996992
0.998665
0.998495
0.992580
0.767833
0.980049
0.997662
0.097270
0.995151
0.998930
0.998990
0.999062
0.998867
0.999079
0.995283
0.986821
0.999195
0.748210
0.997487
0.954941
0.998969
0.997777
0.998945
0.958007
0.906797
0.999139
0.284010
0.997285
0.990102
0.838222
0.998908
0.999079
0.802985
0.999183
0.998772
0.695722
0.999122
0.998933
0.998791
0.750076
0.988597
0.085041
0.998872
0.997512
0.998788
0.998673
0.995498
0.999062
0.996610
0.068587
0.998970
0.552480
0.983290
0.998791
0.710759
0.671316
0.999224
0.924677
0.999005
0.998459
0.863107
0.998553
0.999168
0.992057
0.998968
0.565294
0.993603
0.998092
0.896064
0.921498
0.998854
0.309073
0.999139
0.198371
0.976654
0.998992
0.992905
0.991040
0.763618
0.998671
0.999052
0.999039
0.902511
0.271657
0.108408
0.995746
0.245152
0.999070
0.998982
0.083704
0.372196
0.999121
0.999006
0.983472
0.284966
0.999188
0.801790
0.998515
0.999000
0.676717
0.999111
0.999195
0.998876
0.999103
0.766576
0.999183
0.997491
0.997955
0.991705
0.998970
0.751106
0.998774
0.993319
0.009176
0.666654
0.737201
0.998980
0.667264
0.728537
0.665774
0.668950
0.989722
0.961328
0.818623
0.999124
0.768730
0.206789
0.999188
0.998931
0.998998
0.771380
0.210003
0.948137
0.884159
0.165986
0.993994
0.998328
0.992479
0.999055
0.999139
0.998982
0.999058
0.999178
0.259321
0.756619
0.996332
0.075890
0.992184
0.997789
0.997517
0.998666
0.941803
0.932487
0.007582
0.998756
0.998994
0.998943
0.111082
0.462531
0.997150
0.991726
0.048690
0.996709
0.998550
0.998906
0.803631
0.559664
0.543617
0.117321
0.998519
0.854232
0.996126
0.998983
0.984531
0.998781
0.999169
0.994595
0.997951
0.340373
0.999057
0.226380
0.565716
0.999130
0.911114
0.999160
0.997174
0.998917
0.965611
0.839544
0.998715
0.995288
0.998905
0.979116
0.697739
0.999148
0.833982
0.999100
0.998899
0.998955
0.514346
0.989990
0.585916
0.999173
0.998770
0.998789
0.562751
0.999060
0.997650
0.998790
0.995694
0.999028
0.948105
0.999087
0.999094
0.867773
0.302458
0.726417
0.999185
0.884920
0.996726
0.999091
0.998983
0.021797
0.998829
0.998771
0.999162
0.575820
0.044402
0.998817
0.998855
0.995491
0.445486
0.998838
0.998740
0.169398
0.164447
0.998862
0.999157
0.998976
0.998215
0.011972
0.981797
0.989836
0.827187
0.710070
0.998875
0.998715
0.999014
0.998952
0.999199
0.999066
0.207944
0.998857
0.998693
0.611396
0.999038
0.959227
0.963750
0.883920
0.999039
0.997883
0.464888
0.999129
0.684954
0.232671
0.607583
0.990421
0.998884
0.768453
0.998921
0.819972
0.999053
0.998953
0.727327
0.198487
0.999133
0.998612
0.999186
0.184913
0.997963
0.109522
0.998845
0.999078
0.999003
0.999141
0.998829
0.189732
0.999070
0.987412
0.998802
0.418266
0.575057
0.384096
0.035175
0.996931
0.999173
0.291888
0.634194
0.999190
0.080260
0.992558
0.992070
0.998715
0.996660
0.999187
0.998980
0.998906
0.025141
0.083747
0.863859
0.796288
0.549053
0.998811
0.426639
0.998797
0.979540
0.998305
0.856842
0.399084
0.999090
0.999196
0.241510
0.979354
0.998794
0.998991
0.040922
0.998942
0.999196
0.019747
0.983622
0.505310
0.998920
0.973958
0.083224
0.960063
0.670473
0.195159
0.987048
0.999058
0.988496
0.999131
0.999085
0.998780
0.999023
0.446360
0.812355
0.997585
0.398734
0.998932
0.998786
0.998234
0.998641
0.059291
0.998948
0.999071
0.007137
0.998968
0.527905
0.997582
0.989431
0.999089
0.976244
0.377243
0.859134
0.994617
0.912808
0.998689
0.998929
0.999058
0.998582
0.998480
0.946787
0.224346
0.986553
0.653319
0.994835
0.999172
0.984801
0.999105
0.997993
0.997061
0.998160
0.998201
0.994875
0.034328
0.998820
0.996301
0.998920
0.649334
0.929324
0.994021
0.988780
0.999073
0.999053
0.999057
0.998970
0.305804
0.999159
0.993695
0.997706
0.999003
0.998872
0.999214
0.998652
0.915519
0.999023
0.998930
0.987288
0.998482
0.025647
0.485018
0.998376
0.998881
0.999090
0.982649
0.998618
0.664664
0.941312
0.903029
0.999076
0.999031
0.997527
0.998937
0.998990
0.303626
0.171343
0.426961
0.999051
0.920695
0.998998
0.999216
0.999087
0.030177
0.998919
0.997815
0.550741
0.999031
0.998751
0.936266
0.529762
0.998785
0.017161
0.998918
0.999064
0.084191
0.858137
0.126286
0.952214
0.999120
0.999156
0.396862
0.998653
0.999080
0.999063
0.998420
0.841303
0.647433
0.983321
0.994157
0.932474
0.995351
0.998322
0.998834
0.999024
0.998990
0.999188
0.014936
0.999021
0.998892
0.005764
0.999166
0.837676
0.999082
0.470344
0.998556
0.997294
0.479623
0.998518
0.998902
0.998796
0.068320
0.112881
0.787001
0.995967
0.971807
0.643687
0.533669
0.318062
0.649974
0.633502
0.998714
0.004006
0.998896
0.998896
0.841132
0.701546
0.989283
0.998456
0.978181
0.974683
0.998643
0.998865
0.992464
0.897777
0.998379
0.999177
0.980306
0.999088
0.999192
0.998885
0.678731
0.999021
0.998935
0.998777
0.822009
0.998726
0.635253
0.998923
0.998701
0.999058
0.996036
0.797365
0.995308
0.999018
0.465860
0.999031
0.212454
0.998830
0.998828
0.953273
0.230825
0.898989
0.998961
0.999122
0.999075
0.998811
0.999125
0.998074
0.996421
0.996264
0.002297
0.903955
0.668161
0.352837
0.669741
0.998942
0.999099
0.094001
0.632758
0.999120
0.909456
0.997942
0.998334
0.964232
0.997082
0.997727
0.968592
0.633988
0.998539
0.999077
0.978635
0.995517
0.998815
0.996707
0.995508
0.993306
0.998695
0.011137
0.529655
0.999078
0.999028
0.770234
0.999055
0.998778
0.804490
0.992320
0.716223
0.999074
0.997868
0.998794
0.999085
0.998633
0.997650
0.998997
0.670664
0.609399
0.998808
0.961388
0.999044
0.281966
0.486118
0.999130
0.999081
0.999062
0.999105
0.998973
0.784603
0.150240
0.999086
0.136808
0.999068
0.999034
0.998295
0.905739
0.998182
0.371247
0.995247
0.996314
0.998937
0.999114
0.777628
0.011576
0.962073
0.890909
0.999100
0.994674
0.998632
0.004701
0.996653
0.991563
0.990177
0.998622
0.999042
0.984045
0.975188
0.448932
0.997292
0.619021
0.916257
0.126311
0.998840
0.998994
0.995328
0.996840
0.799876
0.999114
0.998934
0.982417
0.151949
0.998122
0.999066
0.949434
0.999031
0.998150
0.999124
0.625030
0.751074
0.998725
0.971893
0.520801
0.999104
0.861123
0.844444
0.851422
0.999071
0.663644
0.016972
0.999162
0.675100
0.999092
0.999136
0.999100
0.998985
0.997313
0.124054
0.998213
0.083087
0.747758
0.999021
0.998018
0.996685
0.993497
0.998134
0.999092
0.483180
0.629043
0.998883
0.266307
0.999002
0.997800
0.643585
0.870215
0.998864
0.998722
0.993383
0.999002
0.069392
0.375809
0.999125
0.998433
0.999015
0.114041
0.855570
0.964802
0.999059
