0.236151
0.989399
0.993091
0.984244
0.160471
0.989445
0.127028
0.962004
0.985299
0.978318
0.990365
0.992437
0.982596
0.698116
0.015045
0.992747
0.988427
0.199902
0.991618
0.988122
0.992414
0.992695
0.854568
0.986737
0.991021
0.991622
0.987163
0.626274
0.945140
0.992277
0.914554
0.964200
0.989481
0.064727
0.992276
0.908194
0.992500
0.991161
0.992884
0.989528
0.018266
0.987970
0.991021
0.984070
0.098598
0.992374
0.991250
0.968161
0.990716
0.989505
0.992173
0.484027
0.803682
0.990025
0.991565
0.809468
0.987969
0.991758
0.993429
0.977872
0.956656
0.016216
0.063217
0.422129
0.989430
0.486850
0.574826
0.105608
0.993502
0.992775
0.992307
0.993220
0.992054
0.985043
0.819716
0.992535
0.544698
0.992312
0.907458
0.803812
0.992638
0.182496
0.963482
0.992333
0.882264
0.973667
0.953057
0.987282
0.992361
0.439214
0.880294
0.876917
0.979242
0.981229
0.817588
0.992054
0.990671
0.821922
0.990013
0.992717
0.992161
0.992147
0.724616
0.969335
0.992131
0.863853
0.500871
0.243390
0.868054
0.978029
0.983992
0.986876
0.102187
0.991229
0.991208
0.963716
0.984976
0.992654
0.521740
0.986101
0.242577
0.683287
0.081681
0.967739
0.991087
0.987977
0.991484
0.310163
0.160168
0.993026
0.958615
0.993446
0.990612
0.919327
0.580238
0.012138
0.925715
0.016240
0.990488
0.986740
0.989099
0.992695
0.989506
0.990704
0.992941
0.991998
0.991886
0.882822
0.992911
0.991938
0.929970
0.966392
0.983430
0.991592
0.987850
0.979857
0.800209
0.565402
0.919032
0.984011
0.771533
0.993348
0.991129
0.973289
0.079301
0.988899
0.524291
0.992895
0.989201
0.992367
0.987314
0.138090
0.990522
0.992891
0.928319
0.971916
0.962414
0.988557
0.985965
0.989056
0.984387
0.993317
0.981096
0.647869
0.992321
0.972198
0.630039
0.970641
0.975890
0.022416
0.992149
0.630772
0.668464
0.671175
0.844194
0.257336
0.992489
0.610437
0.016682
0.989565
0.990851
0.986136
0.990855
0.992036
0.986647
0.992315
0.991246
0.989677
0.988438
0.194214
0.972921
0.012271
0.149334
0.991448
0.987851
0.379232
0.909318
0.982861
0.965832
0.992562
0.010536
0.987226
0.988179
0.991630
0.992637
0.991897
0.988573
0.984387
0.968904
0.990957
0.941718
0.172462
0.982606
0.071404
0.988170
0.015840
0.992643
0.011954
0.989687
0.992786
0.284115
0.966675
0.990491
0.068450
0.016554
0.945195
0.986967
0.991797
0.968945
0.103952
0.982497
0.990747
0.992704
0.991481
0.992179
0.982915
0.990776
0.970640
0.010607
0.991550
0.984729
0.989488
0.969640
0.215822
0.989599
0.746043
0.193283
0.990566
0.157419
0.720961
0.982726
0.984708
0.991550
0.992436
0.989225
0.794568
0.017266
0.147739
0.990640
0.990002
0.692342
0.989603
0.078072
0.987014
0.992423
0.990659
0.950628
0.990953
0.986184
0.992195
0.103160
0.960784
0.990036
0.967026
0.991464
0.984302
0.968835
0.018817
0.993363
0.986125
0.501652
0.992172
0.991349
0.986327
0.991462
0.058183
0.990790
0.086569
0.097935
0.706609
0.990786
0.993250
0.989685
0.964464
0.991959
0.936501
0.011804
0.983615
0.977832
0.984751
0.823649
0.991094
0.977821
0.965360
0.991959
0.985824
0.988924
0.993373
0.985844
0.992127
0.991767
0.012086
0.591385
0.986573
0.942781
0.992740
0.991109
0.016713
0.993094
0.912652
0.990938
0.992177
0.991266
0.054731
0.984868
0.990749
0.953818
0.985446
0.987689
0.988963
0.991864
0.992511
0.990967
0.991427
0.980857
0.992599
0.984943
0.010178
0.991626
0.979992
0.991484
0.992598
0.986960
0.977531
0.734527
0.904287
0.992133
0.955867
0.036172
0.976384
0.991928
0.987110
0.985032
0.930824
0.991095
0.990119
0.075034
0.978765
0.990865
0.012630
0.987347
0.057214
0.988728
0.964189
0.955375
0.042276
0.944487
0.989264
0.993104
0.973998
0.990935
0.986754
0.992839
0.104906
0.992788
0.989858
0.993243
0.993113
0.989609
0.967805
0.990156
0.992340
0.127806
0.987376
0.993487
0.992006
0.039517
0.029822
0.990866
0.990491
0.988819
0.989314
0.093195
0.987970
0.991683
0.992025
0.822423
0.988059
0.992276
0.058605
0.992307
0.065781
0.991670
0.980059
0.961857
0.012660
0.987850
0.961691
0.986318
0.987778
0.499589
0.991687
0.677239
0.835370
0.991644
0.983330
0.992129
0.981197
0.980321
0.992249
0.991139
0.063487
0.629224
0.993484
0.991119
0.983960
0.989718
0.991673
0.990579
0.979466
0.838563
0.984430
0.986919
0.206599
0.989938
0.239326
0.991420
0.099590
0.992708
0.990091
0.992418
0.991267
0.986960
0.989983
0.985141
0.991708
0.992006
0.991980
0.993669
0.992111
0.991749
0.989715
0.981345
0.974995
0.991873
0.992556
0.993466
0.040715
0.991466
0.991140
0.991696
0.811944
0.989996
0.033977
0.988243
0.853534
0.617365
0.992962
0.900354
0.879116
0.989958
0.992157
0.989199
0.174472
0.992719
0.012356
0.699881
0.992612
0.992481
0.989069
0.982181
0.976148
0.126728
0.990866
0.034100
0.070915
0.045006
0.778946
0.012393
0.991341
0.992987
0.194409
0.507069
0.709078
0.018186
0.938794
0.992186
0.991980
0.987343
0.641371
0.991695
0.992102
0.018204
0.993347
0.815667
0.878610
0.992486
0.987281
0.536881
0.991638
0.990632
0.867016
0.990708
0.319628
0.070770
0.984936
0.993173
0.993091
0.991605
0.692367
0.991673
0.991176
0.145715
0.024743
0.990913
0.898521
0.091046
0.974510
0.980965
0.992125
0.981197
0.981196
0.984524
0.989658
0.187426
0.183417
0.992059
0.992271
0.944904
0.993139
0.990775
0.993506
0.991825
0.990764
0.990781
0.091358
0.989722
0.331665
0.989471
0.978537
0.014078
0.991909
0.979486
0.163869
0.901972
0.144990
0.991707
0.989304
0.987077
0.983810
0.692810
0.981483
0.990810
0.985864
0.992225
0.978595
0.013364
0.982062
0.991671
0.991801
0.978420
0.067345
0.983670
0.013666
0.984924
0.988698
0.505253
0.023682
0.985457
0.133645
0.991279
0.992572
0.011650
0.927731
0.989928
0.042278
0.988669
0.986250
0.991758
0.992762
0.983382
0.889961
0.991968
0.973523
0.916866
0.992965
0.022122
0.984394
0.993042
0.989489
0.992827
0.987930
0.946744
0.020719
0.969259
0.991808
0.091535
0.153059
0.992251
0.987002
0.992764
0.491857
0.051483
0.992963
0.987820
0.807207
0.992500
0.768189
0.992189
0.991165
0.806661
0.972829
0.985376
0.993220
0.992439
0.990340
0.984928
0.111998
0.992418
0.177389
0.984974
0.937113
0.848465
0.976074
0.790291
0.991916
0.992415
0.361058
0.992360
0.991933
0.985333
0.764749
0.971677
0.969839
0.937024
0.990955
0.988070
0.983664
0.986790
0.984487
0.109715
0.076153
0.990801
0.984511
0.985982
0.992105
0.993024
0.992800
0.992736
0.060528
0.849397
0.988620
0.047937
0.993380
0.022665
0.924269
0.992961
0.930205
0.990762
0.017197
0.181052
0.882856
0.992711
0.991342
0.469487
0.985770
0.667230
0.991506
0.987499
0.985432
0.991747
0.989246
0.969040
0.026772
0.945509
0.771661
0.990879
0.992057
0.991601
0.993448
0.989486
0.970287
0.426436
0.991530
0.018443
0.977640
0.984126
0.991900
0.991049
0.991962
0.993071
0.986857
0.985490
0.990476
0.992898
0.807389
0.966155
0.979712
0.016948
0.993222
0.993379
0.987088
0.992482
0.950998
0.962905
0.668389
0.981552
0.977508
0.965368
0.991149
0.014173
0.011089
0.037616
0.886727
0.992275
0.963207
0.652343
0.966331
0.970182
0.991849
0.986963
0.963794
0.986931
0.341197
0.450435
0.961986
0.990755
0.993264
0.693968
0.990013
0.993438
0.988803
0.945624
0.990328
0.142780
0.876211
0.987802
0.935751
0.991446
0.114204
0.991708
0.990212
0.976540
0.025442
0.991456
0.009108
0.015538
0.017599
0.894335
0.989661
0.126112
0.990411
0.991205
0.990978
0.080788
0.993114
0.067427
0.009205
0.988965
0.991414
0.126063
0.992201
0.993153
0.989693
0.457795
0.993084
0.987409
0.077103
0.081978
0.007258
0.978202
0.991305
0.145128
0.991931
0.988223
0.972949
0.992086
0.987791
0.992672
0.992940
0.012717
0.991158
0.989497
0.519635
0.992298
0.992506
0.992631
0.019366
0.992350
0.986944
0.991598
0.991198
0.095121
0.970950
0.992104
0.992084
0.381913
0.990307
0.022347
0.970760
0.975782
0.416609
0.990052
0.989790
0.988688
0.989834
0.989582
0.989823
0.990397
0.990191
0.198774
0.990244
0.992523
0.992412
0.933590
0.992764
0.143840
0.954522
0.993085
0.026140
0.979385
0.992074
0.007879
0.696756
0.992119
0.992607
0.993072
0.992464
0.011131
0.988278
0.989889
0.988934
0.992468
0.982551
0.706878
0.993543
0.009070
0.980316
0.290889
0.208664
0.985458
0.992538
0.991905
0.157052
0.988601
0.989879
0.020445
0.857888
0.065746
0.953777
0.991390
0.518874
0.250267
0.991417
0.868533
0.017359
0.990178
0.987736
0.981064
0.490848
0.455394
0.991043
0.986771
0.992214
0.985688
0.940031
0.990281
0.978065
0.990697
0.980057
0.722657
0.931959
0.982210
0.934803
0.980366
0.992746
0.992333
0.986918
0.989864
0.991791
0.930026
0.990799
0.805291
0.572210
0.991205
0.024712
0.961994
0.989828
0.988049
0.008219
0.014224
0.553022
0.990795
0.952212
0.991349
0.275186
0.988760
0.088291
0.171043
0.989872
0.983813
0.011873
0.989635
0.988037
0.984837
0.986257
0.992305
0.065654
0.992394
0.988274
0.988350
0.622699
0.992539
0.972507
0.979694
0.992010
0.992851
0.992325
0.991413
0.321684
0.966412
0.985104
0.177754
0.989467
0.992016
0.993071
0.985914
0.991830
0.077055
0.991429
0.970464
0.992270
0.864054
0.991270
0.988660
0.832025
0.993186
0.974072
0.851012
0.990745
0.961647
0.949584
0.990626
0.991275
0.991258
0.987828
0.020379
0.986266
0.015064
0.990953
0.965230
0.986674
0.992685
0.983978
0.396133
0.990723
0.988144
0.412080
0.087081
0.992215
0.992744
0.895305
0.597759
0.441944
0.992374
0.988555
0.958435
0.986154
0.018367
0.992491
0.990101
0.987649
0.980714
0.145487
0.989460
0.986335
0.986761
0.017769
0.983109
0.991852
0.983429
0.992869
0.051886
0.981802
0.011760
0.992418
0.015502
0.272542
0.794852
0.990516
0.983215
0.012851
0.222918
0.992850
0.968696
0.993016
0.992409
0.944960
0.993481
0.993194
0.261734
0.990484
0.846924
0.986877
0.506424
0.025818
0.989494
0.990511
0.991404
0.986982
0.009914
0.987190
0.992296
0.956116
0.798163
0.988856
0.934830
0.939471
0.024386
0.232286
0.983117
0.991819
0.989647
0.919662
0.012717
0.991754
0.991319
0.989390
0.993489
0.983523
0.989781
0.989873
0.033431
0.986314
0.992740
0.077846
0.163137
0.990916
0.013845
0.990436
0.992177
0.990097
0.092807
0.014836
0.980415
0.991340
0.991131
0.973175
0.565364
0.080490
0.721742
0.514942
0.992144
0.981267
0.132028
0.988384
0.387823
0.991582
0.041966
0.966704
0.100418
0.993406
0.992375
0.991889
0.382751
0.991995
0.975042
0.076780
0.991865
0.986060
0.018830
0.981621
0.988624
0.990511
0.497398
0.989239
0.955056
0.015314
0.319300
0.898485
0.987239
0.988265
0.990867
0.036187
0.989554
0.987601
0.986344
0.988394
0.985591
0.649255
0.059729
0.991417
0.991731
0.916262
0.983640
0.992640
0.231289
0.986879
0.988449
0.975163
0.977500
0.990492
0.984947
0.085429
0.183195
0.968836
0.992134
0.984956
0.977981
0.285976
0.991598
0.953868
0.353105
0.991339
0.987602
0.992336
0.989161
0.688013
0.770841
0.991755
0.018368
0.977071
0.173414
0.837397
0.990695
0.941992
0.130171
0.981040
0.993304
0.990099
0.993005
0.676346
0.991218
0.158769
0.362929
0.865616
0.866817
0.912747
0.990280
0.403355
0.990380
0.883573
0.991093
0.032069
0.989994
0.925957
0.992337
0.019698
0.992873
0.991788
0.991033
0.991877
0.991920
0.989316
0.988025
0.888526
0.025021
0.982667
0.009473
0.050629
0.991720
0.985194
0.581007
0.712360
0.978023
0.146957
0.948968
0.887384
0.991119
0.868446
0.288454
0.739956
0.037811
0.749356
0.039460
0.986616
0.008181
0.991529
0.991030
0.990522
0.984473
0.986089
0.987778
0.213612
0.891993
0.068879
0.958356
0.072143
0.991374
0.992335
0.408959
0.992924
0.992795
0.992281
0.984151
0.940015
0.941307
0.609951
0.347048
0.095916
0.708906
0.957268
0.024062
0.990140
0.961639
0.993148
0.982533
0.989461
0.993275
0.270005
0.951909
0.906647
0.979433
0.968964
0.990219
0.992082
0.016629
0.928565
0.016401
0.993024
0.992647
0.059687
0.014484
0.992490
0.071952
0.991726
0.842350
0.989994
0.932217
0.983779
0.988650
0.989555
0.991719
0.673448
0.015457
0.992682
0.036019
0.992667
0.910756
0.992121
0.079094
0.992415
0.979558
0.022613
0.825371
0.012059
0.031181
0.992370
0.992318
0.940362
0.991881
0.991511
0.991962
0.879680
0.066578
0.992022
0.991350
0.981540
0.856085
0.750101
0.984284
0.992766
0.992444
0.348477
0.991599
0.938874
0.986958
0.991059
0.986007
0.990954
0.916946
0.991394
0.993450
0.991844
0.989922
0.989016
0.521377
0.990097
0.988781
0.924935
0.964499
0.011082
0.915401
0.971568
0.966923
0.033482
0.982661
0.025112
0.992379
0.888274
0.985985
0.987371
0.806988
0.985945
0.988947
0.991036
0.938241
0.990741
0.786526
0.983340
0.982255
0.016347
0.991212
0.991430
0.735199
0.993405
0.136102
0.985325
0.010054
0.990233
0.875242
0.027667
0.981790
0.991011
0.992071
0.238789
0.106127
0.425346
0.983454
0.774540
0.011488
0.992438
0.985578
0.987736
0.124701
0.991752
0.738695
0.951801
0.984204
0.990240
0.014420
0.148057
0.990419
0.991229
0.987484
0.223897
0.634307
0.015354
0.991412
0.991390
0.990970
0.984535
0.953872
0.992220
0.650035
0.862389
0.968069
0.992894
0.993279
0.977107
0.960440
0.993145
0.987578
0.986300
0.938914
0.986955
0.083982
0.991237
0.985294
0.982613
0.970720
0.098168
0.009306
0.991906
0.991216
0.992190
0.954946
0.989162
0.233238
0.008508
0.027626
0.986592
0.986223
0.804897
0.992487
0.992151
0.991164
0.969078
0.975688
0.991216
0.992431
0.991417
0.990482
0.989613
0.991172
0.323860
0.012093
0.990675
0.798436
0.969102
0.540257
0.060350
0.982223
0.971523
0.223185
0.218570
0.046080
0.985000
0.990554
0.087456
0.984173
0.990880
0.990564
0.991747
0.891289
0.992003
0.056972
0.012871
0.989573
0.989929
0.966045
0.989815
0.269470
0.972027
0.991450
0.990522
0.990632
0.178514
0.990986
0.992320
0.022734
0.011821
0.876708
0.991505
0.990122
0.511375
0.942435
0.991925
0.238852
0.973254
0.990883
0.992123
0.980288
0.051127
0.973041
0.250525
0.985345
0.991430
0.960375
0.718178
0.992679
0.992757
0.255519
0.989602
0.991008
0.105311
0.517342
0.982076
0.990170
0.982887
0.981432
0.982049
0.976293
0.983825
0.983446
0.992104
0.991498
0.989744
0.990395
0.014516
0.911341
0.915897
0.990913
0.965852
0.985274
0.989910
0.318225
0.988752
0.015687
0.993344
0.958000
0.960008
0.008505
0.990338
0.988284
0.987512
0.960139
0.992417
0.991979
0.602277
0.990304
0.990929
0.759000
0.993284
0.990872
0.988927
0.986759
0.989251
0.991079
0.992540
0.032199
0.905560
0.990673
0.693357
0.972936
0.984971
0.989812
0.991829
0.990792
0.988370
0.993668
0.988887
0.991617
0.991081
0.990787
0.974150
0.621206
0.992502
0.013774
0.071102
0.993103
0.119413
0.008521
0.802390
0.013136
0.990788
0.049714
0.979693
0.993163
0.803349
0.051757
0.992146
0.989914
0.797840
0.990390
0.987484
0.229104
0.989129
0.989989
0.988409
0.990462
0.546730
0.989965
0.993571
0.981877
0.991813
0.991894
0.009357
0.974416
0.984783
0.973136
0.960798
0.992148
0.014956
0.991645
0.991994
0.989589
0.120506
0.992576
0.845720
0.968866
0.471658
0.993041
0.989886
0.991918
0.471027
0.992671
0.088254
0.991781
0.015665
0.991460
0.992619
0.992414
0.055871
0.991728
0.993006
0.985920
0.989499
0.474831
0.567142
0.988781
0.961466
0.977128
0.956965
0.343042
0.978053
0.078407
0.989399
0.984883
0.701010
0.982752
0.982142
0.992996
0.985107
0.993025
0.989966
0.992078
0.992711
0.987888
0.988277
0.012680
0.992081
0.933310
0.783146
0.682312
0.935807
0.991727
0.937556
0.987511
0.991736
0.991721
0.992390
0.878973
0.692405
0.013746
0.433111
0.010128
0.568881
0.959456
0.017999
0.564880
0.149159
0.990730
0.992285
0.183369
0.991438
0.982189
0.990079
0.989137
0.012103
0.987801
0.089541
0.268802
0.703891
0.993569
0.979071
0.985964
0.987404
0.991709
0.991925
0.991188
0.062836
0.984363
0.914744
0.860900
0.990779
0.982537
0.992241
0.992570
0.991903
0.012208
0.751858
0.586830
0.918329
0.092311
0.991515
0.804975
0.992305
0.918098
0.989817
0.989317
0.982166
0.279694
0.070520
0.966253
0.991579
0.992206
0.987531
0.992022
0.973628
0.010791
0.990007
0.312818
0.352303
0.990992
0.992789
0.951776
0.991721
0.990832
0.992740
0.062669
0.991708
0.789952
0.976324
0.987142
0.035088
0.991823
0.106386
0.991906
0.990582
0.008971
0.988031
0.098452
0.988326
0.989443
0.991909
0.973608
0.991835
0.988744
0.792653
0.990308
0.986820
0.987967
0.070931
0.992912
0.978018
0.983638
0.224949
0.975187
0.528928
0.348044
0.992719
0.966776
0.990829
0.991303
0.992134
0.966718
0.804641
0.966306
0.991765
0.440258
0.951889
0.736997
0.981883
0.988411
0.986630
0.991877
0.044557
0.036288
0.989420
0.015075
0.989491
0.992702
0.952794
0.992809
0.991440
0.990833
0.766417
0.977344
0.960949
0.988969
0.991354
0.269568
0.030805
0.986888
0.388222
0.990706
0.991254
0.952777
0.965855
0.497318
0.992445
0.790860
0.050732
0.983101
0.144191
0.964108
0.991493
0.991495
0.992782
0.224851
0.993191
0.992974
0.971493
0.992524
0.959176
0.993363
0.993420
0.992153
0.993523
0.971617
0.989260
0.991878
0.086777
0.991842
0.318286
0.058544
0.990917
0.990083
0.756334
0.986428
0.889312
0.990521
0.989508
0.013375
0.986983
0.988917
0.972338
0.991649
0.988809
0.992764
0.113355
0.108744
0.991300
0.937492
0.986304
0.146216
0.990645
0.986999
0.974871
0.993648
0.785844
0.008401
0.986574
0.748022
0.989162
0.026016
0.962818
0.990346
0.975014
0.828481
0.213291
0.991246
0.987786
0.990653
0.987932
0.992143
0.417282
0.991985
0.988269
0.989300
0.049347
0.991277
0.089830
0.965617
0.993689
0.990514
0.019612
0.984257
0.991782
0.989032
0.074807
0.986790
0.985264
0.990162
0.992116
0.889543
0.104011
0.991965
0.651505
0.991931
0.988246
0.990635
0.987816
0.990673
0.012939
0.038707
0.988583
0.992464
0.991791
0.323554
0.982365
0.992141
0.992414
0.991102
0.993264
0.992520
0.992528
0.985259
0.992727
0.992907
0.624198
0.533705
0.992524
0.227954
0.978103
0.989425
0.992142
0.993178
0.989597
0.990975
0.565714
0.129919
0.053642
0.989053
0.990445
0.993094
0.992101
0.992838
0.989799
0.958835
0.992984
0.990208
0.068730
0.391632
0.990691
0.986059
0.986589
0.992136
0.990442
0.992751
0.988933
0.989591
0.826269
0.092620
0.988275
0.993135
0.992075
0.043427
0.992245
0.990472
0.669659
0.978405
0.990942
0.986573
0.992844
0.028544
0.993586
0.991678
0.992409
0.073044
0.632757
0.993384
0.991152
0.012644
0.991706
0.990155
0.945293
0.975429
0.986092
0.988945
0.993321
0.893540
0.255060
0.988565
0.991755
0.981667
0.977462
0.980209
0.987189
0.964989
0.990117
0.255469
0.991791
0.978848
0.991820
0.989600
0.074962
0.171797
0.991146
0.012225
0.891049
0.165532
0.989110
0.992462
0.970895
0.984518
0.990546
0.992459
0.890715
0.031605
0.730784
0.985093
0.978404
0.993610
0.983727
0.978572
0.014470
0.992720
0.206063
0.992759
0.988268
0.075276
0.993146
0.914791
0.987611
0.055227
0.445387
0.993220
0.980338
0.983400
0.984240
0.138568
0.991186
0.990906
0.992685
0.018734
0.985619
0.990934
0.989950
0.755462
0.046134
0.892614
0.992078
0.710103
0.426118
0.991211
0.990483
0.130871
0.214113
0.992325
0.039691
0.993184
0.371070
0.991879
0.991260
0.990326
0.985053
0.991179
0.127470
0.989383
0.984592
0.975779
0.647058
0.061365
0.985066
0.988445
0.756503
0.981871
0.985465
0.077823
0.023837
0.991696
0.807903
0.009996
0.877034
0.844263
0.989129
0.993110
0.973862
0.032891
0.010163
0.819181
0.037701
0.901081
0.991358
0.983904
0.993011
0.991448
0.989403
0.988977
0.553067
0.983420
0.986625
0.053753
0.022673
0.336147
0.992365
0.992766
0.821155
0.355649
0.992167
0.215654
0.583992
0.992325
0.993408
0.867799
0.987437
0.991883
0.989681
0.988936
0.061371
0.991445
0.988730
0.986393
0.224772
0.010297
0.418563
0.980733
0.980207
0.992275
0.133845
0.993399
0.989483
0.981883
0.992670
0.226666
0.975487
0.073315
0.977195
0.972071
0.991595
0.991232
0.992615
0.991152
0.985578
0.655686
0.274311
0.990302
0.991974
0.988360
0.183127
0.992794
0.992956
0.960357
0.982736
0.990738
0.988513
0.977578
0.962890
0.943704
0.984625
0.018346
0.989645
0.993256
0.989979
0.992180
0.987788
0.993089
0.987949
0.944682
0.992215
0.436113
0.976945
0.963355
0.989883
0.988317
0.990627
0.990963
0.554727
0.992561
0.131173
0.988537
0.867862
0.505267
0.988641
0.991398
0.639142
0.993365
0.989332
0.358790
0.991968
0.985460
0.991771
0.284886
0.967435
0.066672
0.987009
0.992672
0.992695
0.988734
0.977215
0.992168
0.962154
0.013740
0.992986
0.019765
0.976887
0.991162
0.560313
0.024404
0.992823
0.644130
0.989416
0.984480
0.662888
0.976934
0.992159
0.959264
0.991650
0.970682
0.907474
0.989503
0.908362
0.966276
0.991792
0.065943
0.993124
0.076084
0.906609
0.990941
0.984610
0.893116
0.802092
0.986098
0.991124
0.993237
0.843746
0.059212
0.015751
0.991996
0.055099
0.990680
0.991140
0.012555
0.021732
0.991846
0.989466
0.945049
0.120044
0.992752
0.739644
0.990981
0.992692
0.936255
0.992797
0.992415
0.992037
0.992667
0.406245
0.993528
0.984166
0.988921
0.957283
0.989867
0.511733
0.993220
0.911040
0.012712
0.024353
0.982616
0.991728
0.031755
0.381531
0.040586
0.052773
0.954845
0.952584
0.592276
0.993029
0.396031
0.049159
0.993222
0.991079
0.992606
0.357832
0.234495
0.981952
0.785350
0.131997
0.972031
0.991343
0.970148
0.991262
0.991498
0.991019
0.990370
0.992745
0.067766
0.884802
0.966624
0.075732
0.971018
0.968156
0.983360
0.992967
0.853944
0.680257
0.043990
0.990588
0.990936
0.991440
0.019114
0.482184
0.965801
0.969641
0.021136
0.989827
0.992343
0.991809
0.356385
0.626008
0.664086
0.126070
0.989152
0.489835
0.964201
0.989756
0.906306
0.989759
0.991768
0.986054
0.989598
0.129010
0.992064
0.686264
0.705471
0.992553
0.767081
0.992061
0.989810
0.986954
0.840102
0.838844
0.990138
0.884859
0.992462
0.949420
0.471918
0.992344
0.519141
0.993175
0.987401
0.992960
0.174531
0.586825
0.322907
0.992473
0.989438
0.993215
0.179860
0.990986
0.973982
0.990823
0.982959
0.990668
0.963889
0.991075
0.991756
0.518802
0.126532
0.250154
0.992273
0.871813
0.979490
0.991928
0.990777
0.028477
0.982016
0.991933
0.991817
0.021449
0.038775
0.988422
0.989388
0.984168
0.916710
0.988339
0.984511
0.081874
0.014058
0.990372
0.992761
0.992434
0.983787
0.015791
0.967310
0.975093
0.801566
0.488540
0.990799
0.987890
0.991581
0.990937
0.991817
0.991121
0.029985
0.993465
0.985331
0.319756
0.991367
0.938702
0.981187
0.606953
0.993239
0.991077
0.096161
0.993038
0.089643
0.056165
0.594851
0.900964
0.991191
0.979845
0.992635
0.973050
0.991007
0.990952
0.449256
0.079632
0.992681
0.986762
0.992420
0.013075
0.991117
0.015766
0.985909
0.992750
0.991522
0.991919
0.988653
0.120463
0.992465
0.966414
0.990098
0.027548
0.081923
0.464305
0.048522
0.988079
0.992332
0.016893
0.086580
0.991664
0.012546
0.953860
0.969956
0.989689
0.987580
0.992618
0.993483
0.991577
0.049708
0.019112
0.962013
0.537776
0.018548
0.980841
0.941071
0.990636
0.981138
0.989540
0.824502
0.093705
0.991909
0.992584
0.190472
0.908213
0.989317
0.990938
0.010383
0.992321
0.992433
0.016251
0.979210
0.035685
0.985565
0.884953
0.014856
0.977161
0.150161
0.088365
0.960429
0.990488
0.952599
0.992970
0.991824
0.986847
0.990717
0.345544
0.392861
0.985002
0.060237
0.991920
0.990652
0.987255
0.991357
0.094573
0.990858
0.991949
0.023314
0.990107
0.656781
0.980867
0.891234
0.993490
0.972994
0.339491
0.854660
0.982501
0.987030
0.991922
0.989752
0.991067
0.982885
0.988489
0.862202
0.010756
0.954644
0.016589
0.990835
0.992261
0.954232
0.991719
0.982862
0.984450
0.979153
0.988456
0.976700
0.033129
0.993229
0.981386
0.990454
0.370186
0.990809
0.986011
0.567849
0.989921
0.993074
0.993464
0.990854
0.154586
0.991959
0.977736
0.965596
0.992957
0.990065
0.993240
0.985879
0.444500
0.993464
0.988858
0.967174
0.984839
0.062070
0.135285
0.984475
0.992681
0.990794
0.969527
0.987068
0.113607
0.986065
0.970503
0.993342
0.992426
0.990817
0.992624
0.992528
0.078321
0.042536
0.218471
0.991193
0.902253
0.991786
0.993154
0.991692
0.054194
0.992083
0.962607
0.094767
0.990971
0.990069
0.930791
0.391744
0.990477
0.016941
0.992905
0.991264
0.582340
0.220322
0.012844
0.986142
0.991224
0.991318
0.074169
0.987219
0.992206
0.992109
0.964595
0.735415
0.040038
0.947001
0.979390
0.914703
0.935249
0.988838
0.992566
0.993529
0.992234
0.991709
0.016840
0.992268
0.990152
0.010914
0.992310
0.887939
0.992251
0.084170
0.983029
0.988706
0.961126
0.982592
0.991012
0.988937
0.073769
0.014536
0.795188
0.983752
0.865626
0.219543
0.021822
0.014595
0.522587
0.226046
0.989782
0.009142
0.991413
0.990416
0.661859
0.183363
0.981113
0.983712
0.980205
0.946217
0.991002
0.991796
0.979816
0.979484
0.967406
0.993178
0.975760
0.993119
0.992673
0.991642
0.212787
0.991934
0.991551
0.988772
0.888667
0.991523
0.815044
0.990690
0.993231
0.992425
0.980565
0.924824
0.963677
0.989010
0.031575
0.992202
0.088146
0.989732
0.989718
0.964546
0.714399
0.930368
0.989701
0.992038
0.991224
0.993278
0.991860
0.985247
0.982600
0.982793
0.009217
0.925954
0.038169
0.063334
0.341877
0.992343
0.991547
0.078679
0.359497
0.991347
0.980108
0.984783
0.989805
0.916762
0.977105
0.985240
0.981804
0.264901
0.992644
0.993374
0.842780
0.979940
0.991688
0.986678
0.942314
0.984509
0.987356
0.010717
0.014182
0.992830
0.991779
0.605896
0.992546
0.985572
0.421773
0.992042
0.256350
0.991431
0.993016
0.991788
0.992367
0.990988
0.990712
0.987723
0.631265
0.165601
0.986192
0.856877
0.991433
0.694141
0.097441
0.992317
0.991538
0.991304
0.992117
0.991137
0.873467
0.071633
0.992577
0.011949
0.991565
0.991823
0.988776
0.807287
0.992527
0.146330
0.978871
0.954754
0.990925
0.991958
0.574543
0.009750
0.961210
0.878626
0.991253
0.988585
0.990021
0.022755
0.930971
0.958860
0.904823
0.989821
0.992133
0.832921
0.978361
0.150312
0.982464
0.978690
0.881222
0.080035
0.990246
0.992957
0.982837
0.987401
0.261179
0.991149
0.989990
0.941827
0.014080
0.972732
0.991911
0.982805
0.993092
0.989988
0.992054
0.077003
0.394814
0.991386
0.938671
0.185741
0.993487
0.943659
0.951335
0.543920
0.990580
0.060427
0.036061
0.992204
0.570495
0.991747
0.992987
0.991059
0.991039
0.976380
0.042629
0.992256
0.028415
0.177782
0.993028
0.993439
0.986218
0.925928
0.992003
0.990852
0.643975
0.072045
0.988530
0.025527
0.991393
0.985129
0.408492
0.242366
0.993015
0.985877
0.987798
0.990668
0.013918
0.026785
0.993510
0.983461
0.989329
0.062976
0.640212
0.880984
0.992668
