0.851549
0.997477
0.999340
0.999117
0.999113
0.999066
0.047537
0.998432
0.999061
0.999353
0.998888
0.999313
0.995018
0.932628
0.998189
0.999464
0.998780
0.980589
0.999278
0.999182
0.999410
0.997868
0.996759
0.999319
0.999251
0.999383
0.999189
0.998146
0.998578
0.999234
0.997367
0.993906
0.999194
0.026205
0.999435
0.999330
0.999458
0.999363
0.999355
0.999415
0.007194
0.999320
0.997925
0.998908
0.993353
0.999274
0.998768
0.914274
0.998922
0.999006
0.999342
0.995665
0.998141
0.999204
0.999325
0.996432
0.999242
0.999436
0.999244
0.994664
0.998935
0.014770
0.118845
0.998186
0.999159
0.999014
0.997005
0.038352
0.999457
0.999247
0.999055
0.999434
0.998788
0.999374
0.596299
0.999290
0.125160
0.999214
0.997473
0.910363
0.999222
0.998576
0.774377
0.997391
0.997976
0.998925
0.990046
0.999396
0.999063
0.998871
0.963476
0.549352
0.995271
0.999071
0.957041
0.999359
0.999404
0.997926
0.999445
0.999356
0.994746
0.999313
0.978350
0.989401
0.999451
0.997521
0.753398
0.567051
0.999168
0.998058
0.999020
0.998905
0.998694
0.999250
0.999462
0.982072
0.999297
0.999107
0.979745
0.960209
0.974198
0.997183
0.068198
0.998252
0.999455
0.999368
0.998655
0.232643
0.923433
0.999148
0.998114
0.999353
0.992316
0.997812
0.410421
0.800961
0.999179
0.704348
0.999205
0.982751
0.999011
0.999417
0.999175
0.999435
0.999462
0.996720
0.999308
0.990860
0.999054
0.999475
0.944776
0.999285
0.996056
0.999317
0.999330
0.998732
0.948566
0.993488
0.990847
0.999166
0.953741
0.999161
0.999377
0.999343
0.119302
0.998920
0.069195
0.999320
0.997558
0.999338
0.992660
0.277888
0.999359
0.998427
0.993904
0.995856
0.975339
0.999346
0.999316
0.995020
0.996597
0.999312
0.999127
0.998763
0.999381
0.961245
0.997077
0.999241
0.999354
0.695828
0.998618
0.925296
0.994959
0.997765
0.842167
0.989326
0.999194
0.823696
0.720895
0.997311
0.999384
0.998607
0.999261
0.999297
0.998865
0.999278
0.999159
0.998974
0.999003
0.989382
0.999365
0.009263
0.915001
0.999248
0.991534
0.754951
0.993864
0.999247
0.999102
0.999345
0.002701
0.993158
0.998908
0.996241
0.998370
0.999427
0.996007
0.999435
0.993754
0.999439
0.998371
0.945296
0.999343
0.719805
0.999332
0.758992
0.999387
0.213616
0.999385
0.998769
0.894961
0.062489
0.999332
0.100155
0.954758
0.987487
0.931299
0.998090
0.999301
0.575870
0.998976
0.999426
0.999308
0.995162
0.999435
0.480660
0.999273
0.999296
0.012487
0.999452
0.998951
0.998724
0.997441
0.996076
0.998012
0.992972
0.625909
0.999423
0.967701
0.076547
0.934639
0.999047
0.998892
0.999380
0.997239
0.984698
0.011141
0.558516
0.999252
0.996837
0.007729
0.998707
0.204468
0.988549
0.998460
0.999260
0.984035
0.999478
0.999158
0.999291
0.988977
0.999382
0.999328
0.995202
0.999147
0.997939
0.954695
0.048778
0.999484
0.998086
0.206096
0.999092
0.999264
0.997902
0.998974
0.910542
0.958709
0.461008
0.994577
0.963939
0.999032
0.999118
0.997970
0.998906
0.999409
0.944057
0.002580
0.997144
0.997332
0.999092
0.991944
0.995247
0.998930
0.900844
0.999372
0.999192
0.995308
0.998846
0.996344
0.999408
0.999440
0.010202
0.719347
0.998586
0.994325
0.999390
0.999159
0.006648
0.999399
0.997222
0.998815
0.999431
0.999426
0.327956
0.998965
0.997538
0.997224
0.998849
0.999086
0.999419
0.998316
0.999193
0.999310
0.999255
0.999330
0.999407
0.999410
0.013989
0.999432
0.997345
0.999112
0.999354
0.998412
0.998117
0.993858
0.971310
0.999073
0.977618
0.252673
0.999481
0.999282
0.999293
0.999422
0.403007
0.999389
0.999302
0.226081
0.994540
0.999323
0.830425
0.999165
0.953949
0.998721
0.994474
0.961104
0.351115
0.893813
0.999394
0.999335
0.998982
0.999397
0.998810
0.999418
0.703427
0.999286
0.999372
0.999439
0.999349
0.998987
0.995496
0.999041
0.999469
0.393934
0.999159
0.999357
0.999449
0.701758
0.140538
0.998766
0.999401
0.999407
0.999287
0.997328
0.998697
0.999345
0.999254
0.912513
0.999054
0.999285
0.028615
0.999134
0.895851
0.999290
0.993581
0.999218
0.010315
0.999273
0.999099
0.975523
0.996059
0.998328
0.999490
0.998491
0.996793
0.999283
0.873226
0.999343
0.998541
0.984653
0.999431
0.999409
0.997660
0.980756
0.998989
0.999404
0.997212
0.996944
0.999363
0.999418
0.988701
0.995487
0.997479
0.999138
0.778948
0.833108
0.596607
0.999326
0.996770
0.999342
0.998268
0.999397
0.999400
0.995584
0.999258
0.993135
0.999166
0.999416
0.999232
0.999345
0.999138
0.997443
0.999240
0.998768
0.999164
0.999091
0.999229
0.999332
0.536251
0.996969
0.998451
0.999488
0.809960
0.998405
0.473813
0.998768
0.998949
0.999077
0.999413
0.899340
0.941275
0.999056
0.999260
0.944808
0.717164
0.998903
0.593477
0.993132
0.998218
0.999316
0.999346
0.999293
0.995394
0.044180
0.999349
0.996419
0.226294
0.408192
0.848588
0.659604
0.999428
0.999388
0.011026
0.999204
0.986860
0.052802
0.247765
0.999443
0.999170
0.998827
0.977288
0.999306
0.999417
0.654060
0.999479
0.963796
0.980438
0.999466
0.998862
0.665291
0.999296
0.999065
0.990022
0.976832
0.768289
0.464301
0.999389
0.996814
0.999262
0.999409
0.043026
0.998920
0.999378
0.989367
0.065599
0.999455
0.997611
0.109879
0.847385
0.997654
0.999417
0.998488
0.999080
0.999424
0.999377
0.923608
0.995620
0.999444
0.999368
0.997044
0.998395
0.999349
0.999416
0.999436
0.999078
0.999427
0.100034
0.999282
0.997761
0.999130
0.939261
0.986071
0.999406
0.993778
0.960408
0.994568
0.101871
0.998300
0.999287
0.999108
0.999343
0.539010
0.999069
0.998928
0.999406
0.998769
0.999323
0.531429
0.998607
0.998006
0.999470
0.996562
0.024226
0.998817
0.008939
0.999270
0.990798
0.998622
0.400506
0.999203
0.773358
0.999327
0.999351
0.014041
0.996246
0.996253
0.021486
0.999062
0.999394
0.999408
0.999375
0.998016
0.994869
0.999277
0.999288
0.998030
0.999396
0.501472
0.998908
0.999310
0.997762
0.999218
0.994463
0.872249
0.847583
0.997484
0.999346
0.295609
0.995680
0.999415
0.997305
0.999171
0.682313
0.571554
0.999446
0.996431
0.993618
0.998362
0.986969
0.999178
0.999374
0.970744
0.998829
0.999336
0.999422
0.999422
0.982585
0.977926
0.986978
0.999331
0.974599
0.949817
0.946761
0.997299
0.979865
0.997364
0.999448
0.999002
0.811921
0.999182
0.999349
0.998492
0.997743
0.992131
0.998553
0.995639
0.998797
0.999179
0.999186
0.996727
0.998528
0.050208
0.057770
0.999474
0.997902
0.998665
0.999424
0.999196
0.999323
0.999458
0.978684
0.849547
0.999397
0.993692
0.999092
0.409662
0.998747
0.999447
0.998996
0.994793
0.001719
0.013354
0.998905
0.999290
0.999332
0.563147
0.999044
0.995207
0.998075
0.999286
0.998497
0.994664
0.999430
0.998779
0.348429
0.944651
0.834298
0.999397
0.999400
0.999445
0.999411
0.999232
0.999258
0.997825
0.999439
0.011990
0.999367
0.998808
0.999421
0.999435
0.999487
0.999326
0.950154
0.999346
0.999323
0.999274
0.991375
0.999357
0.986920
0.978372
0.999406
0.999360
0.999323
0.999408
0.997198
0.997460
0.998590
0.903917
0.968135
0.999275
0.999292
0.004414
0.022884
0.570428
0.988231
0.998272
0.992543
0.991749
0.997328
0.998796
0.999339
0.999379
0.999185
0.998606
0.998080
0.237279
0.999381
0.999227
0.999492
0.969584
0.999312
0.999300
0.999229
0.991957
0.999449
0.986492
0.972606
0.982917
0.998489
0.998540
0.471768
0.999412
0.998590
0.998812
0.960109
0.999413
0.208572
0.980801
0.738590
0.998891
0.999356
0.402529
0.999391
0.999123
0.999320
0.689759
0.999260
0.368342
0.003066
0.996983
0.999458
0.292069
0.999428
0.999278
0.987349
0.883231
0.999420
0.999011
0.395254
0.500781
0.003958
0.998679
0.998601
0.175066
0.999188
0.999408
0.797514
0.999405
0.997787
0.998996
0.999365
0.429107
0.999472
0.999212
0.999074
0.999313
0.999355
0.999394
0.019344
0.999296
0.999232
0.999432
0.999337
0.369527
0.980424
0.999443
0.998553
0.817439
0.999074
0.995686
0.999220
0.998012
0.970925
0.999315
0.999217
0.994927
0.999326
0.999333
0.996727
0.998959
0.999287
0.980764
0.999362
0.999240
0.999435
0.997868
0.999408
0.994842
0.997286
0.999316
0.084933
0.999345
0.999419
0.020929
0.486351
0.999333
0.999311
0.999447
0.999415
0.100842
0.998806
0.999376
0.996535
0.999229
0.999278
0.977135
0.999335
0.013574
0.845720
0.996226
0.922675
0.998607
0.999330
0.999325
0.999129
0.994544
0.999371
0.701827
0.646075
0.071063
0.995337
0.998335
0.801299
0.998568
0.999383
0.994599
0.972295
0.999166
0.999395
0.999075
0.562007
0.468479
0.998316
0.999031
0.996918
0.999121
0.847489
0.999311
0.998399
0.999105
0.999234
0.995206
0.813022
0.945838
0.890630
0.656992
0.999328
0.997471
0.998979
0.999215
0.998277
0.995473
0.999347
0.973449
0.998254
0.999410
0.006676
0.998008
0.998083
0.993317
0.041046
0.215804
0.973177
0.999256
0.999012
0.999330
0.993419
0.999408
0.995511
0.820609
0.999290
0.995828
0.001419
0.998520
0.997498
0.997476
0.999121
0.999398
0.830063
0.999283
0.999098
0.999246
0.986526
0.999398
0.998862
0.998501
0.999013
0.999116
0.999278
0.999427
0.917941
0.997579
0.997409
0.770923
0.999427
0.999386
0.996878
0.988495
0.999215
0.991435
0.999431
0.998887
0.999061
0.997217
0.998837
0.972368
0.998412
0.999300
0.955133
0.999383
0.999455
0.997830
0.958329
0.999094
0.999345
0.998070
0.999437
0.762861
0.999361
0.245290
0.999244
0.998400
0.994772
0.999190
0.990683
0.998712
0.998678
0.997591
0.963065
0.990249
0.999416
0.997683
0.991896
0.631972
0.234145
0.999483
0.998500
0.998582
0.992957
0.161612
0.999323
0.999367
0.999244
0.996489
0.578230
0.999435
0.999289
0.999020
0.039757
0.998853
0.999429
0.998604
0.998818
0.496388
0.973700
0.197621
0.999371
0.581841
0.782576
0.996372
0.999133
0.999146
0.066742
0.969724
0.999194
0.998342
0.999303
0.999385
0.968370
0.999412
0.998656
0.060509
0.999427
0.912299
0.998867
0.370027
0.989298
0.999275
0.999246
0.999384
0.998794
0.005250
0.999444
0.999364
0.998263
0.999266
0.993101
0.996198
0.993081
0.166357
0.997548
0.998936
0.999023
0.998914
0.995605
0.002563
0.999459
0.999331
0.999392
0.999187
0.998414
0.998629
0.929401
0.102510
0.963326
0.999244
0.093771
0.995273
0.999262
0.016059
0.999336
0.999399
0.999329
0.153384
0.260102
0.999025
0.996126
0.999273
0.998851
0.702295
0.952991
0.820075
0.979914
0.999301
0.998696
0.967687
0.978020
0.573322
0.999288
0.348618
0.997998
0.997386
0.999390
0.999342
0.999430
0.943138
0.999083
0.999092
0.897001
0.999432
0.986962
0.954646
0.999111
0.998929
0.999461
0.988649
0.999439
0.993694
0.006585
0.993743
0.996944
0.915605
0.999132
0.999307
0.998125
0.990005
0.999380
0.999303
0.999417
0.998600
0.998822
0.198146
0.997503
0.999215
0.301760
0.998319
0.999296
0.997236
0.999367
0.998926
0.998972
0.997752
0.997896
0.999360
0.327415
0.987513
0.999288
0.999503
0.998293
0.998163
0.998400
0.999254
0.902294
0.855590
0.999344
0.996366
0.999342
0.976004
0.985915
0.998962
0.999064
0.133288
0.992745
0.997433
0.998872
0.998331
0.996333
0.992180
0.996069
0.999198
0.999347
0.999374
0.998269
0.999310
0.327080
0.998007
0.998683
0.998326
0.688718
0.997442
0.996766
0.999347
0.016545
0.999356
0.919397
0.999351
0.947963
0.999316
0.603322
0.999448
0.998093
0.999406
0.999390
0.999325
0.999466
0.993414
0.844995
0.998614
0.996927
0.764335
0.601941
0.999328
0.998545
0.848358
0.998656
0.999247
0.814615
0.949964
0.996365
0.999463
0.794805
0.991469
0.076800
0.441614
0.981685
0.679889
0.997365
0.188745
0.999450
0.999413
0.999180
0.999427
0.998870
0.999404
0.997704
0.959911
0.970937
0.999044
0.084556
0.999283
0.998841
0.985303
0.998985
0.999327
0.998917
0.998429
0.972485
0.995196
0.953420
0.405423
0.400711
0.806878
0.998670
0.007068
0.986579
0.996619
0.999085
0.827473
0.999442
0.999072
0.759721
0.876880
0.985053
0.998055
0.999170
0.999242
0.999332
0.023490
0.965920
0.998041
0.999356
0.999362
0.402039
0.941079
0.999428
0.090501
0.999269
0.768655
0.999344
0.995217
0.999100
0.998428
0.995669
0.999381
0.644828
0.699719
0.999408
0.515797
0.998289
0.998992
0.999393
0.166544
0.999282
0.998238
0.366343
0.983627
0.064846
0.906833
0.999435
0.999125
0.994202
0.999273
0.996877
0.998710
0.999268
0.068194
0.999288
0.999404
0.997445
0.178085
0.979935
0.869655
0.998993
0.999485
0.998964
0.998676
0.982048
0.999412
0.999409
0.998505
0.999362
0.753938
0.999142
0.999291
0.999451
0.998942
0.999359
0.972765
0.998832
0.998663
0.999158
0.999227
0.024034
0.943467
0.999095
0.992533
0.163726
0.998704
0.971520
0.999377
0.985582
0.999303
0.997753
0.989524
0.792937
0.999120
0.999393
0.996749
0.999242
0.990560
0.998520
0.999227
0.068111
0.999409
0.999422
0.747136
0.999293
0.138118
0.998744
0.005001
0.999195
0.956652
0.661763
0.999032
0.999092
0.999329
0.992425
0.464575
0.001062
0.999044
0.784021
0.002181
0.999349
0.991604
0.999290
0.564014
0.998997
0.877170
0.985643
0.999419
0.999292
0.312596
0.986678
0.999325
0.999463
0.998736
0.994814
0.978628
0.096667
0.999480
0.999164
0.999431
0.999325
0.987333
0.999288
0.996738
0.175470
0.999430
0.999393
0.999296
0.958137
0.878851
0.999258
0.998955
0.999346
0.838082
0.999033
0.269648
0.999458
0.997409
0.999341
0.822373
0.428294
0.032929
0.999409
0.999423
0.999429
0.988303
0.999373
0.062116
0.001488
0.984678
0.999271
0.994755
0.407312
0.999378
0.999367
0.999387
0.931981
0.997424
0.999435
0.999414
0.999418
0.998609
0.999158
0.999010
0.998505
0.007893
0.999128
0.983001
0.997266
0.985838
0.257860
0.997567
0.996883
0.919272
0.996881
0.983098
0.998989
0.999172
0.176806
0.610305
0.999455
0.987928
0.999481
0.083202
0.999235
0.871828
0.001123
0.999319
0.999185
0.999155
0.999287
0.998293
0.994832
0.999198
0.999282
0.998892
0.992063
0.999388
0.999179
0.031890
0.545293
0.992924
0.999182
0.999420
0.343255
0.997508
0.999394
0.938758
0.997418
0.999037
0.998184
0.999360
0.920059
0.996837
0.692272
0.999213
0.999436
0.951095
0.793602
0.999152
0.999391
0.998810
0.994696
0.999209
0.990006
0.812887
0.997255
0.999403
0.999067
0.998888
0.943489
0.999155
0.998960
0.998284
0.999085
0.999070
0.998943
0.998628
0.008099
0.994953
0.912952
0.999261
0.998516
0.914234
0.999171
0.998916
0.999204
0.092647
0.999480
0.998830
0.997843
0.036798
0.998999
0.999035
0.999283
0.999194
0.999305
0.992017
0.816292
0.999374
0.999388
0.856933
0.999455
0.996861
0.997173
0.985474
0.999342
0.998525
0.998593
0.626286
0.999120
0.999412
0.999297
0.997078
0.999146
0.999380
0.999409
0.999260
0.996633
0.999338
0.999412
0.999408
0.999384
0.999256
0.997610
0.867001
0.999264
0.012163
0.758054
0.998530
0.884522
0.007072
0.982116
0.050401
0.998848
0.067464
0.922042
0.999135
0.997310
0.309303
0.999334
0.998167
0.994634
0.999325
0.999397
0.322995
0.998358
0.999332
0.847225
0.999435
0.998863
0.997197
0.999311
0.991517
0.999396
0.998958
0.008081
0.922756
0.996762
0.877801
0.877584
0.999459
0.003427
0.999354
0.998580
0.998376
0.101371
0.999325
0.998476
0.983197
0.276980
0.999282
0.999460
0.999477
0.999324
0.999147
0.504426
0.991824
0.203338
0.444018
0.999351
0.999432
0.999034
0.999138
0.999453
0.997835
0.998523
0.474743
0.996482
0.999311
0.999420
0.986989
0.469971
0.820290
0.999002
0.669327
0.999302
0.995234
0.958173
0.991345
0.997041
0.999166
0.934027
0.998738
0.998608
0.999501
0.999380
0.996696
0.999387
0.864355
0.997888
0.932495
0.957747
0.997650
0.999172
0.999404
0.989241
0.996979
0.999418
0.998708
0.999388
0.997630
0.997008
0.003877
0.995062
0.164255
0.995342
0.997527
0.687740
0.997659
0.981483
0.999211
0.999380
0.574210
0.999036
0.999018
0.999376
0.999368
0.857667
0.999206
0.088126
0.983790
0.870480
0.999347
0.997524
0.994431
0.999098
0.999459
0.999278
0.999393
0.102597
0.998859
0.996301
0.998790
0.998853
0.951941
0.999365
0.999387
0.999310
0.986367
0.998603
0.779651
0.967262
0.389267
0.999327
0.999162
0.999325
0.964594
0.999188
0.996225
0.995001
0.990004
0.124884
0.980403
0.999463
0.999426
0.997179
0.999469
0.997123
0.943761
0.999149
0.116605
0.834710
0.999302
0.999447
0.998221
0.999410
0.999298
0.999375
0.144626
0.999385
0.979109
0.998976
0.999082
0.069134
0.999466
0.637208
0.999431
0.999356
0.005430
0.998744
0.878797
0.998612
0.995019
0.999357
0.999035
0.999442
0.996678
0.997408
0.998705
0.999381
0.992970
0.051037
0.999310
0.998799
0.999377
0.806153
0.998392
0.916158
0.952062
0.999370
0.998990
0.997222
0.999399
0.999294
0.999309
0.977741
0.836288
0.999422
0.972625
0.999059
0.998375
0.995234
0.999116
0.985334
0.999264
0.017113
0.213354
0.999195
0.021423
0.999451
0.999232
0.770206
0.999404
0.993531
0.999312
0.998802
0.999422
0.999140
0.999388
0.999458
0.622959
0.200980
0.999305
0.910668
0.999267
0.999411
0.996380
0.994996
0.836017
0.999406
0.998671
0.132957
0.998946
0.297806
0.997442
0.998347
0.999424
0.999388
0.949579
0.998771
0.999463
0.998644
0.999379
0.998957
0.999154
0.999145
0.999395
0.999104
0.997186
0.999327
0.998702
0.143471
0.999446
0.966454
0.025783
0.998618
0.993831
0.998422
0.999328
0.454556
0.999439
0.999394
0.077035
0.997744
0.996707
0.998432
0.998923
0.998916
0.999432
0.058293
0.572711
0.999504
0.995249
0.999183
0.895879
0.999342
0.995470
0.999414
0.999448
0.995598
0.001019
0.999229
0.999290
0.999230
0.031244
0.826349
0.999453
0.997975
0.970005
0.989845
0.996547
0.999328
0.999447
0.998515
0.999231
0.887864
0.999216
0.999337
0.999281
0.014329
0.999384
0.490190
0.995225
0.999291
0.972718
0.803756
0.998890
0.998968
0.999445
0.483412
0.997439
0.999297
0.999197
0.999426
0.886031
0.995551
0.999410
0.930455
0.999344
0.999304
0.999380
0.999328
0.999267
0.005929
0.574742
0.998664
0.999302
0.999096
0.869972
0.998495
0.999407
0.999318
0.999157
0.998462
0.998276
0.999086
0.999164
0.999312
0.999337
0.909833
0.995540
0.999351
0.993281
0.994971
0.999027
0.999458
0.999295
0.998363
0.999320
0.999060
0.996665
0.963709
0.990762
0.999034
0.999365
0.999487
0.998674
0.960391
0.996470
0.999495
0.999413
0.178101
0.981146
0.999330
0.988596
0.999226
0.999354
0.999213
0.999431
0.999013
0.977699
0.972603
0.998133
0.987873
0.999363
0.999382
0.729908
0.998654
0.999089
0.997094
0.996725
0.998719
0.999359
0.999372
0.510079
0.998950
0.999444
0.999083
0.088522
0.945841
0.999416
0.999484
0.036042
0.999367
0.999266
0.990008
0.970333
0.998979
0.974257
0.999320
0.849727
0.997310
0.999163
0.999333
0.999380
0.999217
0.996233
0.999152
0.999028
0.998983
0.861804
0.999306
0.261965
0.999480
0.999423
0.997964
0.142529
0.999390
0.001123
0.996530
0.998191
0.999350
0.999422
0.998429
0.999431
0.998939
0.999265
0.999128
0.365455
0.998204
0.998794
0.998253
0.999170
0.793671
0.999255
0.910725
0.999478
0.466034
0.999199
0.999333
0.094034
0.999415
0.998645
0.993690
0.581146
0.998702
0.999466
0.999316
0.995890
0.997496
0.430137
0.998264
0.999297
0.998079
0.281504
0.999190
0.999438
0.999320
0.367386
0.833916
0.999064
0.999472
0.888396
0.997802
0.999423
0.998926
0.994587
0.998929
0.999294
0.997745
0.995662
0.904110
0.999367
0.999383
0.999307
0.997829
0.999410
0.998891
0.998883
0.814691
0.998812
0.757816
0.061454
0.999421
0.999328
0.998700
0.998645
0.999344
0.767866
0.023695
0.999394
0.998569
0.009585
0.998476
0.893838
0.999380
0.998870
0.998530
0.813014
0.001709
0.978916
0.776811
0.993224
0.999351
0.999088
0.999057
0.999397
0.997285
0.999270
0.994814
0.999300
0.998931
0.019290
0.033228
0.199084
0.999314
0.999265
0.998332
0.997741
0.996964
0.968075
0.958345
0.999218
0.999131
0.583540
0.998473
0.999389
0.999232
0.999379
0.412191
0.999477
0.999321
0.999320
0.992771
0.245630
0.991422
0.999054
0.998453
0.999211
0.776467
0.997934
0.998874
0.999069
0.999475
0.995832
0.998743
0.775331
0.992725
0.999252
0.999262
0.999324
0.962037
0.999179
0.999000
0.990594
0.990437
0.999260
0.998639
0.998072
0.600208
0.998764
0.999395
0.838212
0.996862
0.998994
0.998886
0.999261
0.932322
0.995227
0.998306
0.331117
0.989445
0.999023
0.999323
0.999282
0.999317
0.999289
0.991886
0.986229
0.999439
0.988753
0.997062
0.930958
0.999442
0.998142
0.999259
0.936379
0.995611
0.999398
0.534714
0.998885
0.998058
0.998620
0.999285
0.999338
0.989792
0.999448
0.999107
0.946802
0.999490
0.999179
0.999117
0.991298
0.999049
0.091819
0.999393
0.997540
0.999124
0.999328
0.995671
0.999403
0.998937
0.313451
0.999277
0.817679
0.919930
0.998153
0.995462
0.995911
0.999422
0.998760
0.999254
0.999334
0.996141
0.999380
0.999504
0.995242
0.999381
0.498546
0.999247
0.998308
0.997877
0.852252
0.998989
0.755680
0.999324
0.589928
0.992048
0.999293
0.925506
0.998720
0.773577
0.999179
0.999410
0.999178
0.995433
0.086453
0.316118
0.991110
0.736081
0.999423
0.999395
0.191089
0.637554
0.999432
0.999430
0.978138
0.357853
0.999441
0.840348
0.999022
0.999191
0.152224
0.999376
0.999466
0.999159
0.999440
0.966709
0.999387
0.998845
0.998567
0.999002
0.999342
0.997986
0.999014
0.996770
0.004777
0.997228
0.961709
0.999263
0.997877
0.959243
0.997458
0.998041
0.997492
0.996591
0.976326
0.999396
0.997172
0.135837
0.999427
0.999078
0.999158
0.997689
0.202510
0.931394
0.514053
0.208148
0.995862
0.998851
0.999326
0.999437
0.999446
0.999151
0.999323
0.999448
0.166754
0.964209
0.998132
0.076256
0.998393
0.998893
0.998463
0.998276
0.990474
0.977455
0.004462
0.999187
0.999398
0.999345
0.201014
0.460586
0.999306
0.989778
0.015027
0.985264
0.998649
0.999134
0.998855
0.792113
0.567237
0.231832
0.999048
0.992705
0.999001
0.999292
0.994484
0.998665
0.999460
0.993914
0.998814
0.228693
0.999277
0.304308
0.575829
0.999270
0.977748
0.999476
0.995550
0.999287
0.989472
0.998802
0.999041
0.998729
0.999302
0.994768
0.983110
0.999424
0.999017
0.999239
0.999402
0.999254
0.125710
0.999219
0.780382
0.999457
0.999367
0.999029
0.229139
0.999421
0.998780
0.999279
0.998479
0.999446
0.933134
0.999371
0.999345
0.993027
0.126414
0.998179
0.999470
0.984191
0.998897
0.999489
0.999403
0.010412
0.999443
0.998902
0.999364
0.888522
0.033841
0.999310
0.999204
0.995876
0.517004
0.999394
0.999252
0.223782
0.106218
0.999227
0.999434
0.999112
0.998706
0.105206
0.998700
0.997336
0.964188
0.979701
0.999265
0.999218
0.999341
0.999359
0.999483
0.999412
0.768763
0.999206
0.999362
0.797199
0.999435
0.997736
0.969162
0.999008
0.999279
0.991465
0.994435
0.999304
0.976590
0.088313
0.977200
0.971471
0.999254
0.485632
0.999078
0.927757
0.999282
0.999343
0.988533
0.250417
0.999350
0.999145
0.999309
0.465395
0.998292
0.610159
0.999326
0.999295
0.999249
0.999387
0.999267
0.121496
0.999367
0.992577
0.998900
0.639869
0.537958
0.175316
0.023584
0.998514
0.999476
0.747405
0.932194
0.999431
0.393341
0.998868
0.997793
0.999242
0.983279
0.999442
0.999109
0.999278
0.031833
0.021928
0.913406
0.996823
0.864219
0.999387
0.776892
0.999132
0.985793
0.998877
0.906103
0.262324
0.999410
0.999455
0.269274
0.986838
0.999278
0.999451
0.022999
0.999291
0.999425
0.008308
0.901055
0.777285
0.999358
0.998838
0.119901
0.889998
0.998272
0.106377
0.984921
0.999333
0.995849
0.999386
0.999344
0.999241
0.999422
0.414933
0.993018
0.998593
0.049046
0.999284
0.999169
0.998683
0.995757
0.005870
0.999341
0.999302
0.005955
0.999295
0.648558
0.998390
0.928793
0.998998
0.967719
0.727596
0.975425
0.994377
0.854598
0.998905
0.999437
0.999331
0.999197
0.998880
0.999056
0.274513
0.998530
0.976369
0.996679
0.999494
0.995427
0.999438
0.998958
0.997869
0.998500
0.998716
0.998877
0.290848
0.999032
0.999146
0.999370
0.820202
0.942420
0.984057
0.994204
0.999412
0.999280
0.999287
0.999311
0.225761
0.999451
0.984369
0.999181
0.999251
0.999440
0.999459
0.999105
0.998149
0.999284
0.999365
0.981695
0.999362
0.022547
0.329689
0.998730
0.999107
0.999360
0.996451
0.999000
0.995798
0.770613
0.998270
0.999314
0.999406
0.995832
0.999311
0.999238
0.141337
0.443014
0.211753
0.999483
0.999126
0.999187
0.999462
0.999333
0.039862
0.999119
0.998800
0.970459
0.999436
0.998050
0.999009
0.615839
0.998796
0.010550
0.999157
0.999196
0.154406
0.993481
0.304790
0.947435
0.999333
0.999345
0.223193
0.998756
0.999299
0.999282
0.999135
0.966372
0.988425
0.999246
0.996694
0.980107
0.998565
0.998828
0.999178
0.999235
0.999283
0.999352
0.013183
0.999203
0.999148
0.007137
0.999472
0.991866
0.999304
0.238795
0.998921
0.997062
0.680305
0.998832
0.999153
0.999135
0.024451
0.016746
0.906646
0.996832
0.962965
0.963584
0.991952
0.009218
0.911730
0.893164
0.999267
0.005250
0.999173
0.998970
0.998976
0.998275
0.994136
0.999066
0.970583
0.998847
0.998768
0.999307
0.999110
0.968422
0.999241
0.999431
0.997523
0.999343
0.999443
0.999375
0.826299
0.999379
0.999194
0.999427
0.995602
0.998285
0.832563
0.999340
0.999021
0.999392
0.997211
0.973015
0.996260
0.999368
0.566173
0.999403
0.049732
0.999268
0.999181
0.995503
0.188498
0.997565
0.999308
0.999459
0.999367
0.999016
0.999361
0.998065
0.998734
0.988450
0.001509
0.902239
0.998651
0.434977
0.730896
0.999371
0.999296
0.084905
0.943506
0.999452
0.948490
0.998352
0.999093
0.999047
0.998600
0.997588
0.921233
0.995060
0.998372
0.999333
0.955181
0.980081
0.999156
0.998802
0.998724
0.992628
0.999416
0.012698
0.995409
0.999351
0.999371
0.278227
0.999340
0.999325
0.974665
0.984272
0.737797
0.999418
0.997317
0.998258
0.999387
0.999092
0.998609
0.999374
0.998445
0.865454
0.999436
0.997710
0.999365
0.116497
0.694039
0.999497
0.999394
0.999393
0.999321
0.999240
0.874709
0.200332
0.999411
0.038215
0.999231
0.999328
0.998865
0.997487
0.998605
0.280668
0.996020
0.999278
0.999260
0.999389
0.278897
0.005311
0.973679
0.998234
0.999351
0.969058
0.999278
0.009089
0.997917
0.997523
0.937084
0.999182
0.999310
0.992251
0.959533
0.435790
0.997754
0.731459
0.998733
0.161400
0.999265
0.998976
0.998932
0.997201
0.997482
0.999442
0.999281
0.999134
0.105837
0.999204
0.999447
0.977472
0.999302
0.998347
0.999471
0.954722
0.998649
0.998501
0.916194
0.414251
0.999303
0.935879
0.885573
0.998899
0.999390
0.985675
0.007046
0.999443
0.997038
0.999383
0.999384
0.999457
0.999139
0.998920
0.179359
0.998162
0.057427
0.993559
0.999040
0.996731
0.997678
0.998441
0.997335
0.999376
0.748451
0.975601
0.999213
0.403349
0.999341
0.998423
0.978399
0.992694
0.999117
0.999184
0.990640
0.999383
0.402116
0.704357
0.999365
0.998823
0.999381
0.027313
0.987763
0.997734
0.999324
