0.467813
0.994995
0.997335
0.994078
0.719683
0.995992
0.136655
0.986387
0.994605
0.992413
0.996140
0.997097
0.992281
0.864530
0.667496
0.997266
0.995467
0.717385
0.996789
0.995636
0.997142
0.996651
0.949385
0.995030
0.996585
0.996880
0.995295
0.874533
0.980876
0.997000
0.970407
0.985656
0.996075
0.035947
0.997110
0.968996
0.997198
0.996652
0.997293
0.996160
0.019524
0.995541
0.996031
0.994000
0.696264
0.997057
0.996016
0.960360
0.996297
0.996048
0.997022
0.825844
0.933714
0.996226
0.996812
0.933421
0.995554
0.996939
0.997403
0.990577
0.984921
0.012490
0.093943
0.806264
0.996047
0.828397
0.856751
0.070355
0.997510
0.997186
0.996943
0.997413
0.996734
0.994650
0.496527
0.997117
0.549495
0.997004
0.967716
0.902053
0.997142
0.726302
0.839294
0.996383
0.957370
0.990611
0.976120
0.995410
0.996992
0.812342
0.946069
0.605166
0.990875
0.993230
0.924237
0.996989
0.996519
0.939162
0.996361
0.997238
0.995398
0.997006
0.899405
0.985155
0.997066
0.953496
0.674533
0.603124
0.955519
0.991795
0.943874
0.995018
0.699807
0.996679
0.996747
0.981197
0.994624
0.996989
0.829733
0.981909
0.738323
0.893253
0.061268
0.988385
0.996707
0.995611
0.996458
0.505693
0.689037
0.997241
0.985250
0.997461
0.994108
0.972121
0.615504
0.327206
0.974787
0.561761
0.996390
0.987005
0.995733
0.997227
0.996069
0.996595
0.997320
0.996010
0.996859
0.890427
0.997074
0.997005
0.956536
0.988372
0.992914
0.996821
0.995558
0.990063
0.762747
0.849211
0.962893
0.994240
0.710606
0.997316
0.996671
0.990732
0.096285
0.995797
0.528209
0.997273
0.995284
0.997101
0.993046
0.455718
0.996467
0.996913
0.935242
0.989001
0.978359
0.995839
0.994740
0.994477
0.993386
0.997394
0.993258
0.882033
0.997097
0.966745
0.874673
0.989761
0.991586
0.572366
0.996693
0.849394
0.887153
0.888908
0.874017
0.748608
0.997001
0.808719
0.561879
0.995025
0.996608
0.994682
0.996568
0.996957
0.994641
0.997055
0.996575
0.996085
0.995652
0.727675
0.990584
0.007653
0.686025
0.996672
0.992709
0.682903
0.966947
0.993862
0.988104
0.997169
0.005376
0.989118
0.995129
0.995504
0.996784
0.996943
0.994352
0.994461
0.987257
0.996630
0.979743
0.683558
0.993843
0.373738
0.995706
0.480852
0.997206
0.133812
0.996229
0.997037
0.651919
0.344747
0.996414
0.169870
0.654284
0.976569
0.971294
0.996444
0.989261
0.454832
0.993646
0.996569
0.997203
0.995402
0.997060
0.812998
0.996468
0.989814
0.030323
0.996879
0.994395
0.995676
0.988393
0.721010
0.995452
0.910421
0.593221
0.996527
0.643475
0.567143
0.971518
0.994396
0.996582
0.997133
0.995196
0.924451
0.013111
0.567884
0.996478
0.995258
0.241735
0.995546
0.219729
0.991326
0.996759
0.996505
0.976409
0.996669
0.994907
0.996984
0.696354
0.986508
0.996296
0.987022
0.996733
0.993709
0.782648
0.035542
0.997490
0.994543
0.280110
0.996929
0.996742
0.994415
0.996660
0.577025
0.982746
0.513858
0.696203
0.888599
0.996301
0.997300
0.995763
0.987601
0.997008
0.891169
0.011839
0.993401
0.991552
0.994443
0.878222
0.992629
0.991678
0.951246
0.996958
0.994814
0.994292
0.997230
0.993742
0.997036
0.996931
0.008752
0.437765
0.994817
0.978638
0.997239
0.996617
0.021408
0.997368
0.969146
0.996421
0.997083
0.996733
0.171318
0.993971
0.995941
0.982782
0.994506
0.995420
0.995994
0.996527
0.997082
0.996591
0.996674
0.993263
0.997208
0.994645
0.010472
0.996901
0.992165
0.996722
0.997152
0.994905
0.991563
0.907309
0.957334
0.996702
0.977224
0.098003
0.991829
0.996914
0.995291
0.994643
0.734956
0.996699
0.996353
0.419344
0.990862
0.996559
0.572406
0.995354
0.424653
0.995626
0.984522
0.970625
0.273088
0.901092
0.996061
0.997338
0.990796
0.996644
0.995043
0.997282
0.590723
0.997229
0.996269
0.997438
0.997341
0.996030
0.987282
0.996205
0.997135
0.505915
0.995354
0.997489
0.996991
0.566558
0.314446
0.996348
0.996483
0.995887
0.996033
0.696517
0.995380
0.996872
0.996936
0.893320
0.995525
0.997041
0.051623
0.996976
0.646112
0.996821
0.987054
0.986734
0.008211
0.995568
0.986678
0.983449
0.994218
0.830514
0.996935
0.891739
0.943783
0.996793
0.946791
0.997011
0.992969
0.987119
0.997099
0.996726
0.686727
0.869635
0.997316
0.996699
0.993298
0.995405
0.996868
0.996533
0.987487
0.944350
0.993749
0.995173
0.657454
0.940407
0.611289
0.996763
0.686013
0.997214
0.995980
0.997111
0.996752
0.993953
0.996259
0.992498
0.996777
0.997001
0.996944
0.997532
0.996933
0.996156
0.996152
0.992752
0.991226
0.996842
0.997113
0.997432
0.489603
0.995975
0.996384
0.996928
0.869314
0.995959
0.172756
0.995471
0.950644
0.871921
0.997316
0.932891
0.939887
0.996193
0.996997
0.976787
0.629155
0.997037
0.486392
0.844817
0.996339
0.997140
0.995982
0.993689
0.973959
0.135707
0.996603
0.676449
0.387436
0.327640
0.872961
0.305919
0.996777
0.997316
0.094802
0.835026
0.898027
0.024107
0.728322
0.997055
0.996844
0.995166
0.848718
0.996833
0.997041
0.497025
0.997488
0.741025
0.935516
0.997173
0.994735
0.709663
0.996813
0.996404
0.951668
0.988811
0.695651
0.333946
0.994634
0.996473
0.997313
0.996845
0.423243
0.996726
0.996701
0.662604
0.047018
0.996644
0.961031
0.069728
0.932822
0.992137
0.997042
0.991848
0.993238
0.994489
0.996216
0.672923
0.649031
0.997007
0.997071
0.979676
0.997003
0.996570
0.997512
0.996939
0.996479
0.996577
0.068718
0.996198
0.775462
0.995980
0.964321
0.663912
0.996963
0.990876
0.707870
0.965320
0.086881
0.996510
0.996041
0.995223
0.994171
0.743000
0.993126
0.996390
0.994930
0.996824
0.992472
0.261621
0.993399
0.996325
0.996939
0.991435
0.048504
0.993962
0.092583
0.994580
0.992800
0.834403
0.233818
0.994706
0.630760
0.996740
0.997156
0.184017
0.974084
0.995033
0.023497
0.995746
0.995061
0.996921
0.997251
0.993016
0.961173
0.996944
0.990759
0.971428
0.997318
0.232352
0.994206
0.997288
0.994993
0.997213
0.993687
0.722986
0.397772
0.988764
0.996911
0.394205
0.711626
0.997040
0.994435
0.997166
0.714266
0.483766
0.997334
0.994592
0.931473
0.996803
0.902797
0.996983
0.996732
0.920593
0.990304
0.994769
0.997391
0.997154
0.987305
0.987440
0.571602
0.997110
0.690403
0.977824
0.956382
0.947574
0.984059
0.928365
0.996980
0.996936
0.720983
0.996941
0.996970
0.994420
0.917462
0.987723
0.989297
0.977132
0.996418
0.995590
0.993944
0.993607
0.993899
0.069589
0.373738
0.996617
0.993740
0.994678
0.997048
0.997232
0.997230
0.997273
0.675138
0.897696
0.995853
0.679282
0.997304
0.390339
0.974132
0.997349
0.976168
0.995009
0.006730
0.067603
0.960416
0.997193
0.996768
0.677277
0.994763
0.886916
0.995876
0.995400
0.977306
0.995243
0.996079
0.989096
0.457664
0.962953
0.866970
0.996639
0.997005
0.996875
0.997482
0.996100
0.989612
0.807805
0.996846
0.013346
0.992064
0.994055
0.996974
0.996692
0.997025
0.997326
0.977993
0.994774
0.996466
0.997231
0.932408
0.988208
0.987531
0.660475
0.997396
0.997437
0.995312
0.997140
0.982282
0.986548
0.888789
0.961478
0.981551
0.988028
0.996613
0.006682
0.013824
0.210675
0.957520
0.996679
0.983843
0.880426
0.987530
0.989467
0.996909
0.995208
0.987481
0.994998
0.779594
0.562375
0.986979
0.996507
0.997463
0.887254
0.996283
0.997441
0.995859
0.973887
0.996427
0.705976
0.949028
0.989913
0.977870
0.996523
0.525103
0.996877
0.995942
0.991464
0.343983
0.996799
0.091499
0.663735
0.493187
0.963990
0.996183
0.373181
0.996426
0.996632
0.996636
0.575907
0.997256
0.404431
0.005384
0.995037
0.996815
0.472055
0.997081
0.997297
0.992047
0.778653
0.997358
0.995308
0.274496
0.525226
0.004264
0.992106
0.996496
0.354130
0.996903
0.995717
0.902563
0.997037
0.994599
0.996907
0.997289
0.154828
0.996738
0.996084
0.839299
0.997082
0.997132
0.997208
0.163976
0.997019
0.995210
0.996876
0.996719
0.478240
0.983387
0.997051
0.996493
0.717484
0.996215
0.671301
0.989824
0.990763
0.779435
0.996154
0.996127
0.994373
0.996238
0.996170
0.995296
0.996297
0.996331
0.725177
0.996367
0.997119
0.997163
0.976911
0.997247
0.708829
0.982172
0.997337
0.360534
0.992774
0.997036
0.011637
0.551488
0.997015
0.997175
0.997368
0.997159
0.096983
0.995513
0.996269
0.994548
0.997078
0.993788
0.876720
0.997488
0.123853
0.720905
0.760806
0.706948
0.994546
0.997122
0.996957
0.718575
0.991948
0.996271
0.554097
0.823107
0.332334
0.982032
0.996123
0.766125
0.749406
0.996799
0.953957
0.547803
0.996297
0.995581
0.993151
0.660765
0.638990
0.996311
0.995109
0.996075
0.994778
0.927287
0.996382
0.991981
0.995607
0.992915
0.891325
0.751924
0.966356
0.941537
0.817192
0.997220
0.996395
0.995093
0.996220
0.996524
0.974543
0.996572
0.923943
0.856578
0.996729
0.011000
0.986401
0.995695
0.993617
0.017137
0.119263
0.840175
0.996467
0.983189
0.996762
0.755940
0.995921
0.692036
0.468263
0.996246
0.992558
0.004964
0.995902
0.994977
0.993586
0.994981
0.997084
0.625413
0.997085
0.995508
0.995677
0.868842
0.997178
0.990279
0.992513
0.996867
0.997154
0.997057
0.996816
0.745761
0.987642
0.992028
0.566892
0.996103
0.997012
0.996493
0.990883
0.996838
0.689099
0.996821
0.989521
0.996887
0.953018
0.996513
0.986770
0.941134
0.997336
0.975769
0.949890
0.996617
0.986156
0.968757
0.996429
0.996735
0.996233
0.995619
0.302497
0.995063
0.390271
0.996557
0.987556
0.993318
0.997056
0.991379
0.797927
0.996341
0.993315
0.791467
0.692002
0.997080
0.996683
0.961846
0.415117
0.300033
0.997157
0.995489
0.985022
0.992850
0.086356
0.997128
0.996353
0.995446
0.991520
0.394992
0.996135
0.995023
0.995089
0.052636
0.993801
0.996968
0.993531
0.997045
0.514875
0.984868
0.071713
0.997135
0.529351
0.683869
0.929732
0.996275
0.993932
0.084728
0.730358
0.997180
0.988839
0.997299
0.997128
0.970613
0.997514
0.997131
0.313133
0.996494
0.865919
0.995019
0.294953
0.670724
0.996117
0.996327
0.996803
0.993818
0.006155
0.995422
0.997071
0.984525
0.932246
0.989317
0.975491
0.960443
0.064173
0.742139
0.993821
0.996776
0.995947
0.971345
0.010688
0.996941
0.996748
0.996111
0.997384
0.993675
0.995934
0.972381
0.312350
0.976908
0.997142
0.338885
0.714952
0.996570
0.010934
0.996425
0.997064
0.996346
0.322454
0.224572
0.992972
0.995547
0.996673
0.990334
0.752624
0.669333
0.822122
0.826798
0.997011
0.993138
0.698684
0.988508
0.322112
0.996803
0.352200
0.988058
0.696760
0.997479
0.997124
0.996973
0.663552
0.996892
0.991053
0.418764
0.996966
0.990645
0.640271
0.993376
0.995248
0.996519
0.826534
0.996074
0.981935
0.008609
0.768272
0.964692
0.967233
0.995628
0.996559
0.677774
0.992915
0.995520
0.995059
0.995803
0.993029
0.882521
0.138008
0.995836
0.996855
0.737343
0.984405
0.997160
0.742663
0.995274
0.995533
0.991147
0.991182
0.995899
0.994629
0.153927
0.722523
0.989231
0.997067
0.994219
0.991639
0.761186
0.996798
0.870714
0.583218
0.996736
0.994348
0.997091
0.987483
0.890014
0.923045
0.996750
0.100873
0.989659
0.720472
0.945071
0.995996
0.975064
0.704542
0.991961
0.997326
0.996296
0.997322
0.888741
0.996685
0.464895
0.786668
0.954587
0.954162
0.866903
0.995427
0.798945
0.996438
0.316705
0.996607
0.649159
0.996259
0.957316
0.997083
0.505103
0.997284
0.996264
0.996677
0.996931
0.996909
0.996137
0.993629
0.860909
0.673863
0.992765
0.533695
0.527957
0.996846
0.994249
0.801132
0.903427
0.992234
0.639101
0.963726
0.961021
0.996711
0.886418
0.759731
0.604236
0.176892
0.908314
0.562707
0.993666
0.077376
0.996864
0.996680
0.996413
0.994501
0.994653
0.995591
0.736844
0.949811
0.613084
0.985615
0.236130
0.996756
0.996922
0.795112
0.997142
0.997242
0.996889
0.994002
0.729971
0.977249
0.841814
0.523324
0.193878
0.838326
0.985029
0.015203
0.992067
0.985705
0.997225
0.925643
0.996171
0.997291
0.578581
0.936534
0.963502
0.992264
0.989228
0.996331
0.996982
0.196166
0.762316
0.671158
0.997337
0.997193
0.280981
0.510457
0.997169
0.265668
0.996830
0.866281
0.996287
0.975606
0.994126
0.995400
0.994853
0.996905
0.740947
0.568243
0.997206
0.256362
0.996623
0.969571
0.996998
0.243932
0.997079
0.992296
0.304041
0.935495
0.026642
0.644860
0.997118
0.996982
0.878888
0.996873
0.994211
0.996753
0.959473
0.052035
0.996952
0.996787
0.992719
0.673742
0.854937
0.950713
0.997054
0.997186
0.781873
0.996548
0.972931
0.995317
0.996675
0.994704
0.996616
0.643269
0.996601
0.997420
0.996965
0.996113
0.995970
0.816575
0.996153
0.995620
0.974547
0.987488
0.121055
0.952583
0.989988
0.986188
0.091282
0.993494
0.633514
0.997128
0.953920
0.994755
0.994871
0.931136
0.919979
0.995844
0.996669
0.977071
0.996514
0.917540
0.993282
0.993659
0.028809
0.996748
0.996817
0.827288
0.997438
0.231112
0.994514
0.007446
0.996338
0.669244
0.290862
0.993359
0.996534
0.996980
0.714926
0.437907
0.142469
0.993986
0.800774
0.005912
0.997117
0.991125
0.995526
0.479134
0.996740
0.833489
0.953916
0.994391
0.996333
0.131485
0.711097
0.996435
0.996777
0.995198
0.736086
0.870326
0.133488
0.996830
0.996723
0.996655
0.994473
0.979908
0.997031
0.820451
0.659396
0.989016
0.997274
0.997387
0.978009
0.916990
0.997329
0.995229
0.995062
0.820465
0.995155
0.449770
0.996756
0.993675
0.993827
0.930383
0.292281
0.016231
0.996975
0.996751
0.997035
0.980768
0.996036
0.189540
0.003781
0.661920
0.995103
0.992879
0.470019
0.997156
0.997042
0.996691
0.965145
0.990286
0.996759
0.997161
0.996819
0.996173
0.996030
0.996584
0.773511
0.007891
0.996445
0.744426
0.988415
0.840787
0.226417
0.993063
0.988489
0.698900
0.738289
0.674024
0.994483
0.996399
0.270215
0.863261
0.996645
0.992569
0.996929
0.554939
0.996907
0.641405
0.004942
0.996011
0.996212
0.988271
0.996215
0.753741
0.988435
0.996717
0.996481
0.996334
0.719676
0.996653
0.997017
0.041476
0.493395
0.954780
0.996743
0.996364
0.500726
0.979753
0.996965
0.662956
0.989987
0.996498
0.996532
0.993071
0.656076
0.989753
0.583825
0.994586
0.996805
0.966233
0.836330
0.997108
0.997222
0.751201
0.994577
0.996593
0.696094
0.773219
0.992032
0.996381
0.993848
0.991137
0.969480
0.991383
0.994117
0.993398
0.996899
0.996656
0.996069
0.996125
0.033658
0.968486
0.941267
0.996559
0.987708
0.963884
0.996214
0.771614
0.995837
0.364338
0.997458
0.985055
0.985712
0.015609
0.996144
0.995643
0.995389
0.986246
0.997095
0.994449
0.805562
0.996401
0.996600
0.868536
0.997442
0.995178
0.995045
0.990278
0.996054
0.996324
0.996890
0.549848
0.968023
0.996569
0.897388
0.989504
0.994463
0.996268
0.996949
0.996520
0.994700
0.997521
0.995960
0.996870
0.996701
0.996469
0.990164
0.828945
0.997090
0.090344
0.365147
0.997016
0.667026
0.009276
0.927881
0.023074
0.996365
0.064067
0.929135
0.997277
0.932963
0.448043
0.997021
0.995833
0.877230
0.996442
0.995490
0.282330
0.995677
0.996290
0.943382
0.996493
0.848337
0.995576
0.997477
0.990770
0.996937
0.996766
0.006871
0.961599
0.993484
0.942316
0.945607
0.997070
0.041183
0.996863
0.996639
0.995654
0.230909
0.997174
0.947799
0.980342
0.382596
0.997258
0.996321
0.996994
0.823302
0.997138
0.516875
0.994143
0.318783
0.811590
0.997164
0.997156
0.684530
0.996814
0.997335
0.994428
0.995847
0.648037
0.850516
0.995889
0.986814
0.987482
0.796082
0.635452
0.990197
0.578637
0.996038
0.993153
0.882416
0.990571
0.992827
0.997249
0.971796
0.997114
0.995925
0.997063
0.997214
0.994615
0.995711
0.372631
0.996483
0.910380
0.912657
0.892998
0.978107
0.996911
0.974722
0.994556
0.996910
0.996667
0.997135
0.958571
0.896049
0.006408
0.808957
0.213602
0.853561
0.955661
0.380119
0.769420
0.706356
0.996513
0.997063
0.545345
0.996628
0.993377
0.996351
0.996035
0.618228
0.995500
0.152598
0.750499
0.806704
0.997482
0.991921
0.993031
0.995303
0.996918
0.996924
0.996726
0.131737
0.994121
0.969282
0.953049
0.996302
0.978033
0.997043
0.997175
0.996912
0.663113
0.916610
0.715078
0.888086
0.453878
0.996819
0.934542
0.997067
0.927040
0.996194
0.994809
0.989145
0.731708
0.066044
0.981876
0.996885
0.997072
0.994703
0.997016
0.989826
0.372566
0.996216
0.423438
0.642288
0.996622
0.997279
0.981020
0.996912
0.996559
0.997226
0.303389
0.996860
0.666402
0.991515
0.995211
0.036022
0.996951
0.264283
0.996986
0.996500
0.094432
0.995407
0.621191
0.995346
0.994402
0.996962
0.990650
0.996945
0.992956
0.928706
0.996155
0.995241
0.993409
0.196329
0.997268
0.992110
0.994217
0.674009
0.990796
0.814315
0.762724
0.997217
0.988294
0.995813
0.996780
0.996993
0.988520
0.922431
0.641248
0.996917
0.800142
0.983198
0.911407
0.992141
0.995602
0.990401
0.996901
0.021389
0.404682
0.996030
0.023220
0.996175
0.997134
0.837695
0.997259
0.994804
0.996563
0.921490
0.992060
0.986515
0.995985
0.996796
0.628365
0.401126
0.995245
0.754504
0.996529
0.996742
0.974860
0.986497
0.766540
0.997137
0.929571
0.204475
0.993821
0.345380
0.986847
0.996352
0.996842
0.997237
0.718069
0.997117
0.997338
0.989752
0.997137
0.985836
0.997278
0.997376
0.997042
0.997387
0.988868
0.996078
0.996716
0.078454
0.996972
0.675656
0.209551
0.996306
0.994248
0.918052
0.995113
0.510505
0.996503
0.996171
0.041506
0.994447
0.990037
0.989933
0.996689
0.995447
0.997232
0.370991
0.552546
0.996788
0.975704
0.994990
0.676372
0.996529
0.993934
0.991305
0.997550
0.922982
0.003541
0.995079
0.915585
0.995989
0.022269
0.929472
0.996468
0.990637
0.932575
0.733369
0.995625
0.995541
0.996545
0.995101
0.996991
0.767246
0.996857
0.995736
0.996058
0.025698
0.996755
0.325501
0.986636
0.997498
0.987571
0.556730
0.994218
0.996761
0.996008
0.493322
0.994347
0.994706
0.996307
0.997030
0.921624
0.699021
0.996952
0.854388
0.996921
0.995710
0.996516
0.995571
0.996508
0.006859
0.235622
0.995562
0.997114
0.996834
0.716346
0.992861
0.997022
0.997119
0.996526
0.997074
0.996661
0.996952
0.994608
0.997202
0.997277
0.575153
0.841884
0.997148
0.739558
0.990721
0.995672
0.997030
0.997363
0.995761
0.996637
0.854556
0.705391
0.660594
0.992964
0.996301
0.997316
0.997055
0.997031
0.981014
0.984617
0.997365
0.996411
0.111265
0.790313
0.996506
0.990496
0.995079
0.997022
0.996416
0.997248
0.995824
0.988263
0.932246
0.696542
0.991765
0.997357
0.996990
0.590835
0.996817
0.996372
0.886584
0.991477
0.996396
0.995162
0.997267
0.510674
0.997299
0.996889
0.996982
0.384882
0.858485
0.997454
0.996751
0.017180
0.996899
0.996251
0.977144
0.980969
0.994828
0.987399
0.997327
0.605779
0.723992
0.995764
0.996890
0.993526
0.991819
0.991792
0.995277
0.987841
0.996170
0.705420
0.996875
0.707354
0.996969
0.996182
0.690566
0.437214
0.996699
0.004924
0.961555
0.714838
0.995961
0.997125
0.989324
0.994524
0.996142
0.997108
0.963116
0.240854
0.909347
0.994394
0.992021
0.997411
0.924898
0.992445
0.639689
0.997270
0.556424
0.997167
0.995731
0.148946
0.997360
0.970765
0.993494
0.246841
0.814444
0.997432
0.993013
0.991740
0.990742
0.370323
0.996290
0.996568
0.996666
0.119716
0.994758
0.996645
0.996271
0.457098
0.613012
0.963191
0.997051
0.775735
0.807717
0.996755
0.996298
0.707932
0.736505
0.997065
0.663892
0.996070
0.704879
0.996957
0.996719
0.996389
0.994012
0.996714
0.708499
0.995870
0.932823
0.990937
0.788391
0.042022
0.994688
0.995785
0.917922
0.993366
0.994779
0.535212
0.017296
0.996881
0.935323
0.084669
0.958077
0.912348
0.995731
0.997156
0.990612
0.605171
0.005452
0.838062
0.602303
0.963645
0.996746
0.994129
0.997180
0.996795
0.995340
0.995760
0.848925
0.994044
0.994999
0.035579
0.270655
0.208503
0.997077
0.997181
0.939456
0.782767
0.996141
0.716598
0.679677
0.997059
0.997376
0.684087
0.994791
0.996945
0.996100
0.995918
0.162123
0.996825
0.995835
0.995090
0.738458
0.276327
0.803027
0.993103
0.991232
0.996969
0.608626
0.996953
0.995928
0.993450
0.997244
0.703926
0.991119
0.575346
0.982914
0.990297
0.996825
0.996689
0.984650
0.996592
0.994632
0.881595
0.732141
0.996375
0.996697
0.995256
0.545359
0.996992
0.997313
0.926746
0.992159
0.996422
0.995624
0.992086
0.763345
0.978976
0.994028
0.211210
0.992707
0.997261
0.996250
0.997034
0.995530
0.997301
0.993104
0.976084
0.997097
0.807283
0.991141
0.964407
0.996308
0.995174
0.996479
0.974797
0.849724
0.997179
0.245283
0.995594
0.955072
0.834409
0.995793
0.996777
0.870882
0.997461
0.996003
0.767413
0.997031
0.994729
0.996757
0.751252
0.988632
0.107572
0.995332
0.996333
0.997088
0.995798
0.990709
0.997052
0.986470
0.131184
0.997241
0.521647
0.964725
0.996289
0.849303
0.666632
0.997281
0.880671
0.996081
0.994474
0.886042
0.991968
0.997095
0.984374
0.996878
0.716609
0.968753
0.995762
0.968591
0.904448
0.996779
0.486284
0.997319
0.232998
0.965773
0.996611
0.969873
0.963367
0.815324
0.994921
0.996713
0.997326
0.946137
0.206486
0.161625
0.994055
0.419379
0.996560
0.996696
0.070791
0.523230
0.996963
0.996144
0.971637
0.328380
0.997235
0.859106
0.996310
0.997135
0.668896
0.997226
0.997179
0.996914
0.997231
0.788754
0.997500
0.993984
0.995509
0.985263
0.996266
0.834159
0.997218
0.968330
0.021895
0.672844
0.772775
0.996837
0.676264
0.777517
0.678733
0.683110
0.983914
0.979700
0.854675
0.997314
0.797206
0.271765
0.997409
0.996557
0.997125
0.783773
0.231428
0.964134
0.766243
0.213881
0.988969
0.996510
0.989646
0.996765
0.996847
0.996557
0.996427
0.997249
0.238998
0.947423
0.988016
0.052118
0.989589
0.988827
0.993707
0.996852
0.946566
0.885244
0.029877
0.996371
0.996626
0.996785
0.132209
0.525715
0.988229
0.985467
0.053572
0.991296
0.996858
0.996790
0.784717
0.645988
0.640461
0.228511
0.995861
0.826419
0.987519
0.996215
0.966615
0.996001
0.996917
0.993102
0.995756
0.278611
0.996945
0.346146
0.603296
0.997140
0.912189
0.997048
0.994806
0.995197
0.942632
0.945682
0.996144
0.960957
0.997033
0.964150
0.817841
0.997116
0.839075
0.997332
0.995436
0.997196
0.432081
0.861826
0.687666
0.997174
0.996127
0.997282
0.468666
0.996664
0.990729
0.996522
0.993264
0.996581
0.964920
0.996662
0.996912
0.836789
0.173501
0.749245
0.997107
0.951079
0.992638
0.997005
0.996574
0.015517
0.993672
0.996784
0.996931
0.546332
0.030944
0.995778
0.996065
0.993212
0.562309
0.995760
0.994405
0.210531
0.080187
0.996343
0.997245
0.997046
0.993961
0.041302
0.988433
0.990474
0.868547
0.822230
0.996551
0.995542
0.996841
0.996587
0.996961
0.996709
0.400639
0.997381
0.994730
0.699188
0.996796
0.978513
0.975272
0.868468
0.997366
0.994012
0.457288
0.997293
0.688213
0.279536
0.709836
0.957133
0.996669
0.803502
0.997079
0.966034
0.996583
0.996585
0.811812
0.173340
0.997213
0.994936
0.997111
0.161050
0.995973
0.297754
0.994924
0.997217
0.996782
0.996958
0.995764
0.332447
0.997107
0.984711
0.996116
0.510127
0.539443
0.387506
0.027967
0.995142
0.997140
0.355835
0.672540
0.996909
0.136666
0.983608
0.979818
0.996068
0.990135
0.997225
0.997384
0.996799
0.027869
0.194083
0.951905
0.844420
0.620096
0.993270
0.631499
0.996426
0.987601
0.995809
0.901374
0.365878
0.996974
0.997225
0.313158
0.961265
0.996037
0.996652
0.097772
0.996986
0.997155
0.008662
0.958635
0.601919
0.994791
0.960610
0.128442
0.955090
0.715763
0.116409
0.981086
0.996458
0.981495
0.997307
0.996933
0.995216
0.996568
0.501124
0.783319
0.994270
0.367638
0.996909
0.996454
0.994983
0.995531
0.068171
0.996580
0.996902
0.010494
0.996328
0.740287
0.992676
0.939396
0.997365
0.941717
0.592540
0.939849
0.991615
0.935533
0.996605
0.996219
0.996642
0.993878
0.995579
0.953450
0.348080
0.984130
0.660142
0.995518
0.997113
0.982910
0.996925
0.993702
0.993832
0.992301
0.995537
0.991529
0.131489
0.997232
0.993302
0.996478
0.710026
0.976499
0.989592
0.823309
0.996312
0.997289
0.997456
0.996599
0.202300
0.997005
0.987015
0.988015
0.997255
0.996347
0.997439
0.994834
0.813925
0.997405
0.995936
0.980397
0.994185
0.029158
0.481423
0.994040
0.997099
0.996578
0.987401
0.995182
0.701753
0.918579
0.989216
0.997388
0.997105
0.995346
0.997152
0.997085
0.318604
0.301583
0.469244
0.996711
0.966576
0.996853
0.997400
0.996872
0.032098
0.996867
0.986778
0.654491
0.996655
0.995862
0.976251
0.668203
0.996145
0.011639
0.997212
0.996687
0.268170
0.737615
0.172366
0.976972
0.996690
0.996734
0.389295
0.995093
0.997033
0.996995
0.987766
0.898290
0.663998
0.981822
0.991706
0.960744
0.977419
0.995713
0.997087
0.997426
0.997015
0.996879
0.010499
0.997018
0.996280
0.007325
0.997123
0.847544
0.997047
0.438789
0.993753
0.995074
0.651310
0.993618
0.996543
0.995888
0.079054
0.112354
0.900388
0.992734
0.942565
0.724997
0.565164
0.239445
0.804460
0.700241
0.996167
0.007431
0.996716
0.996296
0.885369
0.726313
0.991186
0.993989
0.981200
0.981486
0.996380
0.996815
0.992786
0.937765
0.988730
0.997391
0.986345
0.997330
0.997235
0.996751
0.658799
0.996974
0.996779
0.995883
0.866573
0.996306
0.803180
0.996540
0.997230
0.997099
0.992136
0.913273
0.986193
0.995987
0.526151
0.997055
0.188620
0.996147
0.996157
0.986065
0.318106
0.959249
0.996194
0.997027
0.996731
0.997261
0.996950
0.994196
0.993457
0.989484
0.004531
0.936109
0.678587
0.386923
0.633225
0.997069
0.996812
0.059326
0.728418
0.996785
0.959828
0.994155
0.996132
0.968491
0.991714
0.993883
0.967171
0.748123
0.996810
0.997421
0.910079
0.986511
0.996809
0.994999
0.980151
0.992104
0.995446
0.015774
0.597167
0.997259
0.996895
0.627333
0.997169
0.994826
0.798352
0.991332
0.663079
0.996830
0.996611
0.996419
0.997121
0.996530
0.996273
0.995548
0.876221
0.667151
0.995071
0.951362
0.996784
0.272243
0.422925
0.997143
0.996822
0.996717
0.996989
0.996666
0.855241
0.291569
0.997138
0.271183
0.996779
0.996873
0.995720
0.934519
0.996758
0.472980
0.991089
0.984525
0.996566
0.996967
0.614515
0.008272
0.978002
0.958647
0.996742
0.985007
0.996237
0.012896
0.975463
0.985135
0.946860
0.996150
0.996990
0.940434
0.973765
0.439441
0.993092
0.682469
0.959687
0.093253
0.996321
0.997168
0.993733
0.994630
0.751129
0.996738
0.996284
0.980164
0.119535
0.990465
0.996976
0.986128
0.997305
0.995906
0.997043
0.664948
0.796925
0.996478
0.951284
0.480815
0.997458
0.904988
0.786717
0.847045
0.996539
0.681119
0.031993
0.997083
0.832330
0.996906
0.997320
0.996707
0.996595
0.991439
0.217481
0.996344
0.201787
0.722494
0.997225
0.996558
0.994272
0.974592
0.996264
0.996601
0.466630
0.600781
0.995756
0.296088
0.996769
0.994323
0.785288
0.742992
0.997206
0.994827
0.992631
0.996551
0.220839
0.459769
0.997478
0.993906
0.996081
0.198727
0.872998
0.957972
0.997179
