0.315737
0.998108
0.999573
0.998872
0.999466
0.999464
0.235401
0.998724
0.999454
0.999567
0.999168
0.999541
0.999229
0.962845
0.989254
0.999587
0.999194
0.971664
0.999471
0.999604
0.999602
0.999390
0.996827
0.999035
0.999482
0.999634
0.999534
0.999178
0.998910
0.999488
0.999300
0.998864
0.999551
0.016910
0.999619
0.999466
0.999634
0.999431
0.999640
0.999536
0.033110
0.999334
0.999146
0.999021
0.996840
0.999522
0.998030
0.998646
0.999253
0.999634
0.999551
0.997839
0.999319
0.999450
0.999547
0.994363
0.999451
0.999623
0.999537
0.999197
0.999172
0.006483
0.099766
0.998478
0.999553
0.999328
0.998422
0.067104
0.999572
0.999536
0.999469
0.999585
0.999361
0.999534
0.073567
0.999528
0.978626
0.999488
0.998216
0.991984
0.999567
0.997836
0.780024
0.999426
0.991869
0.999240
0.985256
0.999552
0.999551
0.998941
0.994437
0.389229
0.998112
0.999390
0.998082
0.999555
0.999482
0.997639
0.999626
0.999642
0.999286
0.999556
0.995248
0.996730
0.999617
0.999114
0.769330
0.998931
0.999336
0.999299
0.848610
0.999274
0.998539
0.999560
0.999571
0.997802
0.999600
0.999205
0.987714
0.999416
0.998195
0.999288
0.033924
0.999163
0.999578
0.999489
0.999233
0.974273
0.983511
0.999551
0.999021
0.999584
0.999396
0.999223
0.855854
0.168519
0.999469
0.964695
0.999476
0.991524
0.999091
0.999569
0.999526
0.999645
0.999556
0.999311
0.999384
0.797598
0.999259
0.999604
0.994863
0.999438
0.999256
0.999555
0.999493
0.991599
0.539467
0.988744
0.978799
0.999543
0.406545
0.999439
0.999505
0.999564
0.090251
0.999571
0.991141
0.999604
0.999094
0.999597
0.999165
0.951175
0.999520
0.999419
0.883504
0.999231
0.997325
0.999613
0.998940
0.999353
0.999175
0.999553
0.999552
0.999468
0.999589
0.966792
0.996903
0.999401
0.999515
0.998854
0.999311
0.992113
0.998038
0.997783
0.935689
0.999162
0.999320
0.992025
0.948060
0.998199
0.999588
0.999301
0.999587
0.999539
0.998410
0.999571
0.999320
0.999604
0.999517
0.999428
0.999466
0.001426
0.993738
0.999320
0.998743
0.914526
0.997658
0.999478
0.999380
0.999600
0.002891
0.986971
0.998299
0.998640
0.999346
0.999506
0.998474
0.999562
0.999112
0.999495
0.999140
0.932916
0.999579
0.330005
0.999615
0.667724
0.999586
0.175865
0.999613
0.999557
0.776681
0.005078
0.999419
0.341006
0.991539
0.997026
0.995618
0.999445
0.999537
0.684673
0.999464
0.999534
0.999597
0.999564
0.999566
0.975419
0.999356
0.999505
0.067874
0.999634
0.999506
0.998816
0.998098
0.951131
0.998745
0.992247
0.960469
0.999592
0.805305
0.903920
0.997191
0.999435
0.999303
0.999583
0.999125
0.994087
0.010926
0.997397
0.999541
0.998934
0.025134
0.998327
0.376648
0.998415
0.999395
0.999597
0.994565
0.999575
0.999379
0.999465
0.996925
0.999358
0.999525
0.998837
0.999588
0.998885
0.424414
0.039030
0.999622
0.999417
0.132581
0.999522
0.999612
0.999017
0.999545
0.762350
0.998738
0.993996
0.996097
0.995251
0.999085
0.999531
0.999635
0.999434
0.999655
0.792950
0.021134
0.999444
0.999492
0.999487
0.819073
0.991547
0.998283
0.987533
0.999544
0.999426
0.998645
0.999471
0.999039
0.999573
0.999586
0.003970
0.002563
0.999293
0.998809
0.999588
0.999584
0.040863
0.999612
0.997566
0.999509
0.999642
0.999508
0.131267
0.998079
0.999535
0.997304
0.999222
0.999485
0.999599
0.999400
0.999542
0.999496
0.999341
0.999602
0.999618
0.999582
0.007250
0.999646
0.999158
0.999569
0.999505
0.999344
0.999040
0.993542
0.996406
0.998900
0.998187
0.005165
0.999621
0.999533
0.999471
0.999474
0.871036
0.999615
0.999638
0.956918
0.999282
0.999490
0.874163
0.999551
0.262796
0.999428
0.994903
0.995397
0.425872
0.864976
0.999526
0.999575
0.999410
0.999601
0.999566
0.999589
0.963836
0.999613
0.999577
0.999633
0.999562
0.999495
0.998546
0.999417
0.999597
0.996006
0.999528
0.999624
0.999518
0.958399
0.772978
0.999413
0.999556
0.999436
0.999499
0.999028
0.999472
0.999589
0.999529
0.945024
0.999462
0.999561
0.067649
0.999488
0.976703
0.999503
0.987520
0.999128
0.001658
0.999580
0.999245
0.988506
0.998818
0.993624
0.999629
0.999487
0.999185
0.999451
0.983815
0.999560
0.999167
0.996383
0.999615
0.999630
0.999033
0.998925
0.999474
0.999575
0.998723
0.999554
0.999567
0.999601
0.994295
0.999000
0.999338
0.999461
0.986813
0.998177
0.997934
0.999545
0.961679
0.999590
0.999580
0.999517
0.999590
0.999314
0.999537
0.999219
0.999459
0.999582
0.999620
0.999582
0.999548
0.999277
0.999501
0.998143
0.999518
0.999562
0.999554
0.999499
0.891843
0.999490
0.999560
0.999602
0.986037
0.999478
0.010479
0.999402
0.999450
0.999321
0.999572
0.998980
0.999270
0.999566
0.999573
0.996356
0.995828
0.999490
0.853341
0.841439
0.998188
0.999624
0.999530
0.999591
0.950335
0.236213
0.999593
0.998828
0.865099
0.529721
0.991347
0.245759
0.999563
0.999572
0.078970
0.998805
0.998145
0.001332
0.998406
0.999535
0.999382
0.999327
0.927494
0.999499
0.999603
0.818811
0.999637
0.443613
0.947500
0.999567
0.998061
0.926816
0.999506
0.999515
0.997966
0.998892
0.999037
0.466768
0.999576
0.999432
0.999586
0.999520
0.534336
0.999587
0.999548
0.852730
0.050712
0.999564
0.986961
0.008260
0.976571
0.997791
0.999585
0.995857
0.999438
0.999517
0.999612
0.907736
0.768058
0.999518
0.999573
0.997082
0.999476
0.999587
0.999615
0.999557
0.999595
0.999524
0.014761
0.999591
0.996959
0.999341
0.975167
0.991586
0.999574
0.999362
0.999333
0.999420
0.013783
0.999524
0.999532
0.999485
0.999361
0.997179
0.998825
0.999431
0.999521
0.999478
0.999497
0.240068
0.999527
0.999299
0.999547
0.999323
0.053943
0.999397
0.255143
0.999545
0.998905
0.999334
0.277267
0.999459
0.985277
0.999615
0.999545
0.526358
0.998276
0.998917
0.006726
0.999506
0.999539
0.999598
0.999615
0.997649
0.998691
0.999586
0.999465
0.999389
0.999592
0.173462
0.999316
0.999511
0.997728
0.999594
0.998667
0.349964
0.325015
0.999547
0.999579
0.795469
0.986138
0.999454
0.998997
0.999564
0.968627
0.828262
0.999593
0.999523
0.993593
0.999547
0.953235
0.999581
0.999655
0.984374
0.999254
0.999595
0.999531
0.999599
0.988990
0.999466
0.615829
0.999582
0.919222
0.998682
0.985271
0.996958
0.996237
0.997438
0.999576
0.999391
0.989969
0.999279
0.999627
0.999435
0.989894
0.999362
0.999500
0.998733
0.999501
0.999522
0.998982
0.997305
0.998682
0.048844
0.987292
0.999576
0.998808
0.999387
0.999615
0.999476
0.999568
0.999625
0.986202
0.994143
0.999543
0.996216
0.999442
0.738689
0.999380
0.999637
0.999303
0.999472
0.001274
0.008404
0.999488
0.999578
0.999630
0.999198
0.999474
0.998310
0.998046
0.999414
0.947988
0.999318
0.999559
0.999469
0.997791
0.998699
0.994951
0.999639
0.999558
0.999580
0.999587
0.999582
0.999291
0.999153
0.999568
0.009605
0.999185
0.999231
0.999601
0.999591
0.999626
0.999582
0.996968
0.999487
0.999600
0.999520
0.998459
0.999112
0.995961
0.986106
0.999560
0.999571
0.999525
0.999531
0.998649
0.999279
0.999389
0.998966
0.999010
0.999441
0.999397
0.001459
0.007500
0.023981
0.997602
0.999490
0.995780
0.997187
0.998931
0.999423
0.999539
0.999283
0.999465
0.999456
0.999505
0.999411
0.999572
0.999540
0.999632
0.998210
0.999523
0.999586
0.999546
0.984080
0.999503
0.988655
0.998268
0.999021
0.999369
0.999584
0.989338
0.999510
0.999023
0.999038
0.046397
0.999528
0.056816
0.994864
0.723373
0.998743
0.999531
0.590901
0.999477
0.999570
0.999609
0.957173
0.999394
0.777525
0.003882
0.999165
0.999573
0.998032
0.999613
0.999459
0.999100
0.994934
0.999571
0.999503
0.351130
0.992918
0.001577
0.999438
0.999582
0.742195
0.999590
0.999520
0.937227
0.999619
0.998218
0.999053
0.999561
0.022659
0.999586
0.999544
0.999187
0.999636
0.999534
0.999600
0.453217
0.999412
0.999455
0.999598
0.999621
0.970072
0.998787
0.999605
0.998840
0.953101
0.999264
0.995871
0.999490
0.998494
0.950771
0.999097
0.999375
0.999504
0.999553
0.999595
0.999338
0.999534
0.999516
0.995994
0.999497
0.999593
0.999642
0.999276
0.999569
0.987804
0.994707
0.999611
0.970528
0.999591
0.999614
0.006104
0.471358
0.999593
0.999608
0.999586
0.999597
0.178977
0.999456
0.999541
0.998173
0.999537
0.999534
0.946147
0.999584
0.348916
0.336678
0.995303
0.989506
0.999575
0.999497
0.999641
0.999544
0.992698
0.999563
0.940017
0.965358
0.860193
0.996983
0.998644
0.978201
0.999383
0.999598
0.998738
0.653754
0.999546
0.999611
0.999316
0.929440
0.993097
0.999573
0.999525
0.999094
0.999526
0.994340
0.999555
0.999481
0.997020
0.999454
0.956112
0.510790
0.971020
0.999179
0.814216
0.999586
0.999382
0.999382
0.999582
0.999505
0.998130
0.999571
0.993089
0.999271
0.999573
0.001611
0.999199
0.999174
0.999486
0.002146
0.127759
0.994325
0.999350
0.998343
0.999607
0.999214
0.999596
0.992307
0.413137
0.999577
0.998033
0.001598
0.999550
0.999398
0.998445
0.999564
0.999548
0.980523
0.999579
0.999154
0.999436
0.997300
0.999597
0.999468
0.999344
0.999576
0.999495
0.999569
0.999607
0.997657
0.998933
0.993571
0.751998
0.999417
0.999634
0.999531
0.998241
0.999468
0.998809
0.999602
0.999211
0.999330
0.997782
0.999432
0.999280
0.992965
0.999522
0.998103
0.999274
0.999649
0.998991
0.998359
0.999568
0.999586
0.999370
0.999593
0.124250
0.999562
0.910458
0.999475
0.999037
0.998508
0.999294
0.999478
0.998935
0.999621
0.994210
0.999256
0.998676
0.999608
0.999621
0.998338
0.015620
0.224011
0.999613
0.999411
0.998049
0.999440
0.079089
0.999569
0.999590
0.999444
0.997357
0.461258
0.999508
0.999446
0.999486
0.100383
0.999442
0.999624
0.998562
0.999447
0.996351
0.999103
0.005758
0.999616
0.990711
0.996491
0.997971
0.999177
0.999434
0.174591
0.998431
0.999496
0.999480
0.999579
0.999589
0.998510
0.999648
0.999545
0.617157
0.999573
0.838534
0.999314
0.008408
0.997057
0.999582
0.999224
0.999622
0.995676
0.003303
0.999633
0.999553
0.999195
0.999309
0.985992
0.995446
0.948777
0.001777
0.996584
0.999409
0.999486
0.999279
0.998767
0.016784
0.999608
0.999593
0.999550
0.999475
0.999087
0.999393
0.997869
0.801107
0.981083
0.999441
0.845037
0.986448
0.999532
0.002898
0.999502
0.999617
0.999611
0.721171
0.398776
0.999475
0.999175
0.999614
0.998976
0.990214
0.974518
0.924548
0.985539
0.999589
0.999452
0.996337
0.999120
0.005192
0.999539
0.666018
0.999474
0.992477
0.999642
0.999656
0.999600
0.664767
0.999597
0.999024
0.282510
0.999600
0.998912
0.947339
0.999395
0.998191
0.999586
0.993555
0.999543
0.997054
0.003930
0.991772
0.998648
0.998856
0.999486
0.999504
0.999011
0.999187
0.999579
0.999529
0.999597
0.994894
0.999485
0.156150
0.998590
0.999618
0.994006
0.971257
0.999545
0.999463
0.999577
0.999224
0.999307
0.998295
0.999310
0.999580
0.048937
0.996861
0.999569
0.999563
0.999409
0.998772
0.999181
0.999544
0.755979
0.540959
0.999526
0.999075
0.999596
0.997284
0.996114
0.999332
0.999431
0.150964
0.999161
0.990571
0.998944
0.998961
0.986869
0.991275
0.998774
0.999477
0.999442
0.999588
0.991608
0.999525
0.908835
0.999070
0.999462
0.997343
0.999243
0.998560
0.996712
0.999587
0.049997
0.999371
0.996010
0.999431
0.998029
0.999596
0.892289
0.999530
0.998911
0.999593
0.999526
0.999481
0.999628
0.999449
0.849208
0.997954
0.998701
0.827277
0.931301
0.999489
0.999007
0.974030
0.999263
0.999432
0.955732
0.992247
0.999314
0.999552
0.996002
0.999270
0.995953
0.051249
0.993901
0.968771
0.997018
0.035204
0.999613
0.999598
0.999537
0.999604
0.999001
0.999591
0.999215
0.997529
0.799436
0.999446
0.551690
0.999613
0.999590
0.991075
0.999517
0.999604
0.999469
0.999425
0.277414
0.995244
0.962069
0.817501
0.085006
0.999194
0.999149
0.014477
0.999483
0.998857
0.999443
0.966923
0.999611
0.999527
0.706016
0.980812
0.998805
0.999304
0.999549
0.999531
0.999532
0.548380
0.392464
0.999031
0.999631
0.999569
0.381217
0.575809
0.999590
0.634552
0.999495
0.987836
0.999522
0.999385
0.999498
0.999122
0.999336
0.999616
0.904563
0.989553
0.999528
0.217270
0.998912
0.998965
0.999481
0.486159
0.999541
0.999092
0.523166
0.997487
0.003022
0.996565
0.999550
0.999502
0.702099
0.999465
0.994245
0.999586
0.999470
0.021333
0.999545
0.999608
0.999173
0.987057
0.834774
0.998201
0.999404
0.999628
0.998176
0.999368
0.997872
0.999581
0.999557
0.999601
0.999533
0.258923
0.999268
0.999518
0.999599
0.999475
0.999536
0.955582
0.999530
0.999416
0.999549
0.998739
0.328050
0.998880
0.999301
0.999107
0.076640
0.999116
0.903909
0.999630
0.987905
0.998976
0.999488
0.996895
0.981054
0.999466
0.999578
0.996222
0.999560
0.975535
0.997985
0.999495
0.001969
0.999624
0.999598
0.999529
0.999617
0.419116
0.999474
0.007282
0.999587
0.175838
0.183157
0.999255
0.999498
0.999540
0.913565
0.743020
0.001000
0.999458
0.843761
0.004068
0.999563
0.996192
0.999551
0.748687
0.999472
0.884602
0.924304
0.999549
0.999467
0.067438
0.998557
0.999562
0.999639
0.999373
0.989547
0.998042
0.288443
0.999599
0.999615
0.999564
0.999560
0.998519
0.999586
0.814579
0.940329
0.999549
0.999536
0.999587
0.998783
0.911679
0.999585
0.999154
0.999540
0.684400
0.999478
0.995681
0.999573
0.998322
0.999527
0.998057
0.350381
0.006459
0.999610
0.999614
0.999487
0.999055
0.999572
0.273266
0.001348
0.973456
0.999446
0.997659
0.197848
0.999602
0.999610
0.999522
0.994375
0.997747
0.999627
0.999638
0.999623
0.999428
0.999320
0.999570
0.998167
0.003687
0.999532
0.451841
0.998875
0.996267
0.361041
0.999400
0.997062
0.954243
0.999416
0.992894
0.999461
0.999472
0.546382
0.995307
0.999600
0.999214
0.999558
0.690327
0.999483
0.995414
0.000831
0.999140
0.999523
0.999612
0.999543
0.993459
0.998445
0.999504
0.999640
0.999480
0.988450
0.999584
0.999551
0.069803
0.923071
0.994707
0.999541
0.999550
0.647547
0.999316
0.999575
0.811258
0.999290
0.999574
0.999287
0.999567
0.997041
0.999381
0.808679
0.999200
0.999551
0.987230
0.997211
0.999494
0.999518
0.999275
0.999432
0.999564
0.992964
0.989428
0.996765
0.999569
0.999589
0.993091
0.982902
0.998702
0.999565
0.998465
0.999508
0.999400
0.999519
0.999352
0.078358
0.999163
0.994953
0.999503
0.998756
0.992145
0.999561
0.997699
0.999555
0.984679
0.999550
0.998334
0.999284
0.001524
0.999096
0.999608
0.999373
0.999406
0.999563
0.999351
0.998118
0.999525
0.999482
0.989674
0.999587
0.997803
0.999035
0.998600
0.999567
0.999368
0.999538
0.991060
0.999388
0.999623
0.999509
0.998499
0.999271
0.999613
0.999609
0.999508
0.999098
0.999557
0.999579
0.999586
0.999637
0.999365
0.998731
0.998628
0.999504
0.245095
0.266285
0.999415
0.997143
0.012237
0.999138
0.005686
0.999459
0.075023
0.885671
0.999532
0.998229
0.983068
0.999585
0.999418
0.839217
0.999611
0.999588
0.294890
0.999544
0.999548
0.994513
0.999583
0.999418
0.999566
0.999547
0.998917
0.999601
0.999448
0.003176
0.987625
0.998907
0.976011
0.998438
0.999603
0.105167
0.999589
0.999342
0.998997
0.470850
0.999620
0.999202
0.988963
0.399150
0.999451
0.999618
0.999588
0.999556
0.999597
0.957945
0.998824
0.737345
0.999291
0.999523
0.999622
0.998683
0.999576
0.999547
0.999531
0.999520
0.994539
0.987924
0.999574
0.999557
0.998330
0.961309
0.743024
0.993535
0.988176
0.999413
0.999344
0.988066
0.997615
0.999299
0.999585
0.996255
0.999578
0.999201
0.999611
0.999549
0.999262
0.999468
0.240859
0.999480
0.865335
0.997079
0.999031
0.999342
0.999602
0.997368
0.999178
0.999576
0.999573
0.999627
0.999109
0.998736
0.001601
0.998696
0.466424
0.996461
0.910000
0.434619
0.745722
0.988426
0.999596
0.999525
0.878457
0.999409
0.998924
0.999598
0.999600
0.984914
0.999493
0.280128
0.998905
0.845740
0.999530
0.999169
0.998698
0.999409
0.999587
0.999569
0.999596
0.229779
0.999141
0.996802
0.999455
0.999274
0.999621
0.999523
0.999568
0.999523
0.990764
0.999370
0.778755
0.778665
0.880056
0.999616
0.999490
0.999570
0.898427
0.999576
0.998886
0.990268
0.925425
0.002727
0.998973
0.999612
0.999584
0.999399
0.999556
0.998725
0.163145
0.999491
0.840891
0.739850
0.999571
0.999601
0.993064
0.999604
0.999546
0.999562
0.702873
0.999487
0.230144
0.999245
0.999409
0.003843
0.999564
0.049255
0.999621
0.999562
0.268895
0.999445
0.886324
0.999100
0.998746
0.999621
0.999306
0.999558
0.993446
0.996057
0.999453
0.999520
0.999290
0.467018
0.999582
0.999514
0.999638
0.990924
0.998808
0.997858
0.988066
0.999563
0.999116
0.999387
0.999638
0.999552
0.999535
0.984911
0.121150
0.999564
0.987542
0.998647
0.998850
0.999307
0.999278
0.999239
0.999561
0.002499
0.964404
0.999476
0.033162
0.999583
0.999466
0.790085
0.999565
0.999440
0.999545
0.999251
0.999415
0.999455
0.999596
0.999577
0.992567
0.971593
0.999542
0.964621
0.999615
0.999562
0.975422
0.998638
0.966283
0.999559
0.999181
0.429738
0.999415
0.594143
0.998991
0.999215
0.999607
0.999541
0.979776
0.999390
0.999575
0.999120
0.999508
0.999376
0.999317
0.999563
0.999577
0.999534
0.997800
0.999645
0.999569
0.005115
0.999627
0.742229
0.544327
0.999384
0.998830
0.999402
0.999581
0.187647
0.999550
0.999611
0.034107
0.998615
0.984486
0.999028
0.999495
0.998615
0.999501
0.941326
0.976182
0.999561
0.994372
0.999483
0.987020
0.999601
0.999333
0.999630
0.999555
0.987504
0.001204
0.999435
0.999442
0.999573
0.009545
0.999250
0.999607
0.998921
0.999238
0.996970
0.999081
0.999508
0.999535
0.998855
0.999598
0.996592
0.999371
0.999601
0.999592
0.013417
0.999603
0.396483
0.999068
0.999514
0.999480
0.846822
0.999508
0.999533
0.999546
0.921748
0.998812
0.999557
0.999564
0.999550
0.989298
0.997503
0.999482
0.981206
0.999489
0.999580
0.999533
0.999570
0.999584
0.001710
0.093417
0.999438
0.999575
0.999614
0.955512
0.997724
0.999519
0.999624
0.999319
0.999495
0.999187
0.999242
0.999401
0.999568
0.999586
0.191429
0.996407
0.999570
0.997438
0.999090
0.998563
0.999491
0.999618
0.999322
0.999618
0.998893
0.989588
0.964431
0.999076
0.999425
0.999489
0.999577
0.999580
0.992851
0.998546
0.999616
0.999614
0.086966
0.998161
0.999496
0.996833
0.999422
0.999576
0.999593
0.999561
0.999528
0.997499
0.997867
0.998874
0.999146
0.999573
0.999512
0.999168
0.999553
0.999557
0.992999
0.999302
0.999527
0.999553
0.999586
0.993398
0.999362
0.999546
0.999455
0.993081
0.996856
0.999560
0.999616
0.002854
0.999625
0.999333
0.996132
0.997145
0.999412
0.998996
0.999340
0.074069
0.919604
0.999563
0.999582
0.999530
0.998778
0.998934
0.999489
0.999506
0.999411
0.998987
0.999528
0.881250
0.999607
0.999524
0.998770
0.997314
0.999561
0.001426
0.997084
0.980790
0.999422
0.999491
0.998649
0.999623
0.998941
0.999601
0.999505
0.325503
0.999053
0.999296
0.999406
0.999452
0.997297
0.999509
0.993873
0.999613
0.997176
0.999544
0.999592
0.277528
0.999517
0.998858
0.999183
0.104151
0.999243
0.999611
0.999387
0.995931
0.990490
0.542265
0.999421
0.999502
0.999232
0.058911
0.999466
0.999564
0.999545
0.248446
0.958987
0.997895
0.999602
0.728705
0.999229
0.999632
0.999486
0.998339
0.996472
0.999576
0.954239
0.999364
0.839458
0.999625
0.999514
0.999533
0.999154
0.999553
0.999137
0.999344
0.999186
0.998221
0.960297
0.003247
0.999577
0.999583
0.998565
0.999581
0.999529
0.759948
0.004355
0.999552
0.999497
0.234426
0.998722
0.998942
0.998685
0.999489
0.999443
0.969607
0.004485
0.716088
0.992398
0.996630
0.999529
0.999395
0.999471
0.999540
0.999331
0.999033
0.998894
0.999411
0.999440
0.033696
0.756064
0.090279
0.999553
0.999513
0.998879
0.994911
0.999293
0.966067
0.496694
0.999636
0.999588
0.600923
0.998464
0.999565
0.999387
0.999440
0.012808
0.999552
0.999455
0.999557
0.997832
0.573055
0.999096
0.999524
0.995034
0.999420
0.915565
0.999527
0.999428
0.999397
0.999587
0.889279
0.999129
0.877393
0.978821
0.999566
0.999618
0.999512
0.999298
0.999445
0.999317
0.998504
0.931673
0.999562
0.999479
0.999336
0.852742
0.999417
0.999588
0.981668
0.996879
0.999533
0.999472
0.999420
0.394821
0.997996
0.999154
0.284166
0.999031
0.999503
0.999447
0.999639
0.999483
0.999524
0.999477
0.997341
0.999637
0.996983
0.999418
0.998909
0.999599
0.999062
0.999552
0.997049
0.998835
0.999578
0.069962
0.999360
0.999297
0.999338
0.999454
0.999595
0.983714
0.999569
0.999571
0.996646
0.999635
0.999549
0.999382
0.977570
0.999411
0.164225
0.999596
0.998788
0.999446
0.999332
0.999240
0.999586
0.998319
0.066361
0.999459
0.727495
0.997359
0.999553
0.992134
0.979582
0.999599
0.999124
0.999573
0.999607
0.999098
0.999591
0.999623
0.998615
0.999604
0.680598
0.999539
0.999475
0.999534
0.894814
0.999556
0.637227
0.999509
0.032981
0.998663
0.999599
0.999504
0.998265
0.870302
0.999486
0.999606
0.999563
0.999233
0.473794
0.153007
0.999059
0.466957
0.999577
0.999552
0.008730
0.910403
0.999610
0.999535
0.991725
0.507243
0.999512
0.997325
0.998926
0.999522
0.918210
0.999506
0.999656
0.999545
0.999587
0.993307
0.999583
0.998943
0.999041
0.999503
0.999589
0.992759
0.999421
0.997181
0.048196
0.996949
0.374000
0.999519
0.999161
0.991776
0.998154
0.998515
0.999406
0.989924
0.995422
0.999518
0.998414
0.630300
0.999578
0.999514
0.999611
0.995799
0.257278
0.979054
0.999325
0.301499
0.999015
0.999335
0.999464
0.999597
0.999595
0.999500
0.999587
0.999555
0.482475
0.993259
0.999291
0.004366
0.999358
0.999433
0.999298
0.999313
0.995280
0.998020
0.041181
0.999337
0.999543
0.999569
0.176498
0.634374
0.999581
0.996981
0.124552
0.998799
0.999582
0.999428
0.998911
0.519843
0.690060
0.327629
0.999383
0.996718
0.999355
0.999596
0.999054
0.999577
0.999522
0.999340
0.998858
0.478132
0.999495
0.047866
0.528587
0.999597
0.991737
0.999608
0.999058
0.999351
0.998321
0.999401
0.999253
0.999284
0.999336
0.948263
0.998496
0.999580
0.999068
0.999582
0.999506
0.999374
0.996002
0.999434
0.959709
0.999592
0.999576
0.999602
0.997000
0.999584
0.999426
0.999463
0.998355
0.999627
0.997738
0.999539
0.999635
0.998537
0.267556
0.999403
0.999578
0.997233
0.999528
0.999596
0.999542
0.007663
0.999558
0.999518
0.999612
0.729025
0.020215
0.999603
0.999602
0.999593
0.253212
0.999548
0.999451
0.325938
0.120284
0.999431
0.999540
0.999591
0.999390
0.002908
0.999290
0.998992
0.839886
0.998449
0.999588
0.999517
0.999602
0.999466
0.999583
0.999594
0.403170
0.999472
0.999496
0.980610
0.999586
0.999101
0.975466
0.999442
0.999581
0.999493
0.281268
0.999538
0.998406
0.694129
0.557456
0.998965
0.999562
0.945029
0.999523
0.997296
0.999461
0.999458
0.997646
0.189972
0.999608
0.998901
0.999605
0.004679
0.998510
0.267338
0.999536
0.999607
0.999575
0.999569
0.999372
0.755381
0.999488
0.995142
0.999348
0.862965
0.998447
0.522898
0.011795
0.998834
0.999613
0.303208
0.998847
0.999630
0.004110
0.998094
0.971705
0.999274
0.999544
0.999616
0.999559
0.999542
0.002066
0.541209
0.980296
0.998660
0.977522
0.999582
0.176534
0.999510
0.995872
0.999011
0.973518
0.741605
0.999602
0.999635
0.479728
0.988744
0.999518
0.999568
0.259934
0.999346
0.999606
0.001428
0.995639
0.992787
0.999449
0.998040
0.250568
0.998110
0.998856
0.154485
0.997910
0.999553
0.996036
0.999564
0.999630
0.999560
0.999565
0.742896
0.964078
0.999217
0.993630
0.999524
0.999540
0.999011
0.999481
0.104069
0.999540
0.999456
0.002213
0.999581
0.915522
0.998772
0.998159
0.999607
0.884437
0.710532
0.989463
0.997968
0.964971
0.998988
0.999468
0.999529
0.999551
0.999368
0.999091
0.758971
0.999215
0.987469
0.999040
0.999583
0.999070
0.999619
0.999286
0.999178
0.999251
0.999438
0.999010
0.070489
0.999435
0.999374
0.999609
0.939690
0.996267
0.998707
0.907874
0.999603
0.999514
0.999619
0.999631
0.226553
0.999604
0.998941
0.999266
0.999557
0.999537
0.999617
0.999519
0.999128
0.999468
0.999586
0.992323
0.998353
0.002856
0.979295
0.998916
0.999510
0.999580
0.996224
0.999480
0.995853
0.999059
0.998877
0.999508
0.999483
0.999390
0.999520
0.999489
0.736152
0.419197
0.977507
0.999457
0.998348
0.999585
0.999585
0.999591
0.002238
0.999400
0.998927
0.898247
0.999557
0.999468
0.998953
0.997025
0.999163
0.007427
0.999573
0.999602
0.067765
0.999041
0.199464
0.997339
0.999512
0.999540
0.870525
0.999303
0.999595
0.999594
0.999568
0.993081
0.963531
0.999219
0.999034
0.987422
0.998444
0.999471
0.999516
0.999513
0.999529
0.999575
0.001475
0.999582
0.999541
0.003926
0.999587
0.662827
0.999586
0.993402
0.999311
0.999454
0.312500
0.999429
0.999465
0.999593
0.138943
0.305778
0.999330
0.997617
0.999103
0.991862
0.681716
0.694522
0.979064
0.981513
0.999453
0.007902
0.999564
0.999502
0.995271
0.997303
0.998308
0.999188
0.992813
0.999395
0.999370
0.999341
0.999433
0.865390
0.999545
0.999563
0.985751
0.999529
0.999589
0.999238
0.937310
0.999608
0.999592
0.999450
0.715449
0.999110
0.761934
0.999591
0.999439
0.999482
0.998631
0.841979
0.998641
0.999584
0.980705
0.999562
0.427981
0.999440
0.999573
0.998146
0.051421
0.949814
0.999573
0.999585
0.999601
0.999489
0.999631
0.999276
0.999038
0.997208
0.002868
0.980133
0.998941
0.662459
0.826903
0.999491
0.999594
0.014395
0.882250
0.999556
0.950886
0.999329
0.999499
0.989664
0.999437
0.998821
0.998477
0.984407
0.999413
0.999557
0.932277
0.999512
0.999584
0.999518
0.999415
0.999176
0.999565
0.023907
0.781911
0.999596
0.999536
0.997876
0.999623
0.999582
0.998620
0.997681
0.995091
0.999641
0.999501
0.999209
0.999609
0.999509
0.999497
0.999548
0.998954
0.970399
0.999585
0.999500
0.999556
0.006091
0.477293
0.999616
0.999535
0.999453
0.999528
0.999622
0.817547
0.602743
0.999426
0.763384
0.999543
0.999467
0.999518
0.998783
0.999144
0.991942
0.998377
0.999543
0.999513
0.999553
0.990106
0.009754
0.999119
0.999082
0.999621
0.997380
0.999413
0.006844
0.997503
0.999021
0.998673
0.999448
0.999526
0.996129
0.983401
0.732220
0.999059
0.337259
0.999108
0.038323
0.999450
0.999571
0.999429
0.999287
0.994725
0.999623
0.999581
0.999530
0.238690
0.999459
0.999570
0.998106
0.999522
0.999384
0.999603
0.963120
0.997311
0.999549
0.998988
0.842452
0.999584
0.835424
0.523242
0.998315
0.999647
0.997257
0.052873
0.999603
0.929458
0.999588
0.999590
0.999605
0.999607
0.999018
0.430454
0.998613
0.519520
0.996142
0.999609
0.999503
0.998921
0.999406
0.999454
0.999575
0.007464
0.754699
0.999526
0.459390
0.999574
0.999416
0.968972
0.993915
0.999487
0.999419
0.999453
0.999600
0.246484
0.648164
0.999558
0.999434
0.999532
0.505891
0.991019
0.995197
0.999545
