0.313035
0.656186
0.995516
0.999569
0.999222
0.998485
0.999384
0.999431
0.999457
0.280476
0.617885
0.998737
0.999447
0.999510
0.999567
0.999086
0.999292
0.999411
0.999220
0.980993
0.958298
0.986597
0.991882
0.999579
0.999146
0.985459
0.953881
0.999309
0.999361
0.999593
0.999602
0.999496
0.999380
0.996800
0.997888
0.998980
0.999476
0.999543
0.999630
0.999526
0.999337
0.998836
0.998247
0.999056
0.999478
0.999233
0.999027
0.998621
0.999551
0.508240
0.016493
0.999617
0.999536
0.999418
0.999635
0.999529
0.999416
0.999640
0.999587
0.999529
0.032419
0.505737
0.999270
0.999145
0.998975
0.998927
0.996818
0.997779
0.999445
0.995230
0.997680
0.998452
0.999232
0.999426
0.999610
0.999550
0.998689
0.997039
0.999319
0.999366
0.999303
0.999545
0.996978
0.990092
0.999430
0.999529
0.999619
0.999533
0.999362
0.998941
0.998837
0.502795
0.006396
0.100789
0.549222
0.998089
0.999528
0.999426
0.999266
0.998379
0.532155
0.037365
0.999570
0.999548
0.999525
0.999465
0.999522
0.999578
0.999353
0.998904
0.999519
0.044951
0.535097
0.999509
0.974941
0.982794
0.999465
0.992884
0.994330
0.989964
0.999565
0.998697
0.992377
0.763077
0.882412
0.999413
0.971271
0.995254
0.999224
0.984774
0.991182
0.999499
0.999550
0.999242
0.998873
0.994170
0.688862
0.335736
0.995819
0.998587
0.999128
0.993619
0.998706
0.999549
0.999481
0.998559
0.994456
0.999624
0.999618
0.999638
0.999212
0.999397
0.999551
0.995247
0.951207
0.934470
0.999617
0.999365
0.998744
0.735628
0.870350
0.998391
0.999182
0.999317
0.999303
0.757087
0.881817
0.998303
0.998484
0.993751
0.999544
0.999568
0.998686
0.997137
0.999593
0.999401
0.999089
0.978776
0.971526
0.999377
0.998194
0.997289
0.999241
0.031907
0.512419
0.999010
0.999578
0.999532
0.999441
0.999218
0.986691
0.962347
0.975023
0.986568
0.999545
0.999004
0.999246
0.999576
0.999370
0.999235
0.999139
0.838027
0.321223
0.160304
0.999438
0.982167
0.905760
0.999458
0.995471
0.980985
0.996662
0.999307
0.999553
0.999520
0.999582
0.999642
0.999556
0.999434
0.999302
0.999376
0.898603
0.770835
0.999241
0.999323
0.999597
0.990300
0.996570
0.998924
0.999114
0.996888
0.999552
0.999458
0.995488
0.959364
0.523895
0.755103
0.976190
0.977450
0.957537
0.999530
0.363273
0.704126
0.999436
0.999436
0.999494
0.999554
0.084194
0.514984
0.999541
0.990582
0.993839
0.999578
0.999088
0.999340
0.999584
0.999079
0.974787
0.828535
0.999517
0.999458
0.999343
0.759851
0.933770
0.999231
0.995598
0.998064
0.999602
0.998852
0.999136
0.999265
0.999166
0.999352
0.999542
0.999536
0.999463
0.999392
0.999588
0.983103
0.932257
0.994181
0.998137
0.999388
0.999509
0.999183
0.998665
0.999291
0.995706
0.985935
0.998019
0.997063
0.997671
0.910736
0.880759
0.976848
0.999305
0.995643
0.986616
0.902788
0.926893
0.994563
0.999581
0.999441
0.998795
0.999585
0.999560
0.999491
0.997962
0.997108
0.999564
0.999258
0.999453
0.999587
0.999514
0.999468
0.999379
0.999443
0.500435
0.001417
0.983025
0.987587
0.999253
0.998719
0.956902
0.792485
0.997449
0.998566
0.999460
0.999293
0.999397
0.999593
0.002761
0.494833
0.987032
0.997310
0.998215
0.998474
0.999245
0.999392
0.999439
0.998356
0.998984
0.999551
0.998851
0.999303
0.999488
0.999066
0.966168
0.765199
0.999578
0.664849
0.218976
0.999614
0.834060
0.525835
0.999584
0.587944
0.175917
0.999609
0.999583
0.999519
0.742512
0.358265
0.006258
0.999412
0.670443
0.260761
0.990775
0.989745
0.995212
0.996017
0.994930
0.999338
0.999537
0.842042
0.562305
0.999414
0.999489
0.999521
0.999594
0.999578
0.999537
0.999548
0.987476
0.952431
0.999331
0.999427
0.999489
0.063722
0.531717
0.999633
0.999472
0.999109
0.998613
0.997741
0.974232
0.856629
0.998566
0.994860
0.988839
0.911079
0.968305
0.999591
0.792693
0.775274
0.899994
0.996131
0.988111
0.999415
0.999303
0.999412
0.999571
0.998653
0.996149
0.992784
0.010626
0.501055
0.996297
0.999542
0.999221
0.998782
0.015724
0.507378
0.993523
0.378736
0.687386
0.997700
0.999377
0.999478
0.999592
0.994017
0.996340
0.999569
0.999347
0.999348
0.999443
0.995551
0.995955
0.999343
0.999508
0.999180
0.998401
0.999584
0.999232
0.995891
0.426172
0.232622
0.034655
0.999617
0.999515
0.999403
0.097564
0.546814
0.999502
0.999609
0.999313
0.998913
0.999539
0.881294
0.753329
0.998665
0.992707
0.982885
0.995444
0.991916
0.816765
0.999013
0.999239
0.999524
0.999633
0.999534
0.999395
0.999654
0.896545
0.735712
0.021214
0.512036
0.999436
0.999486
0.999481
0.999462
0.741009
0.812133
0.968108
0.910583
0.992863
0.983393
0.999543
0.999483
0.999367
0.998641
0.998954
0.999466
0.998739
0.999303
0.999550
0.999582
0.501777
0.003830
0.002308
0.501858
0.998707
0.998799
0.999165
0.999584
0.999581
0.520177
0.027933
0.999600
0.998585
0.994130
0.999504
0.999569
0.999639
0.999503
0.565376
0.071439
0.997532
0.998674
0.999524
0.997042
0.997592
0.999183
0.999466
0.999528
0.999595
0.999395
0.999471
0.999538
0.999490
0.999419
0.999331
0.999601
0.999608
0.999614
0.999554
0.503190
0.006072
0.999646
0.999402
0.999084
0.999546
0.999533
0.999494
0.999309
0.999146
0.998497
0.992273
0.983743
0.993205
0.997375
0.997660
0.998147
0.005076
0.502125
0.999607
0.999516
0.999500
0.999313
0.999473
0.935494
0.786268
0.999610
0.999626
0.999635
0.937884
0.793965
0.999195
0.999482
0.936720
0.708218
0.999548
0.631407
0.207359
0.999398
0.997147
0.993822
0.994826
0.706917
0.333004
0.849646
0.932225
0.999516
0.999571
0.999486
0.999137
0.999599
0.999580
0.999561
0.999586
0.981774
0.911069
0.999608
0.999588
0.999557
0.999626
0.999597
0.999550
0.999489
0.999009
0.987788
0.999384
0.999472
0.999587
0.989517
0.997756
0.999518
0.999616
0.999566
0.999505
0.949595
0.852456
0.622207
0.999354
0.999483
0.999554
0.999429
0.999412
0.999486
0.998998
0.998943
0.999414
0.999588
0.999558
0.999516
0.913658
0.960262
0.999388
0.999560
0.533631
0.067651
0.999474
0.988106
0.934702
0.999499
0.993515
0.986066
0.998544
0.499968
0.001564
0.999573
0.999406
0.999213
0.988508
0.992474
0.995985
0.992372
0.996214
0.999625
0.999468
0.999319
0.999144
0.999417
0.991612
0.967267
0.999556
0.999361
0.999060
0.996226
0.995921
0.999614
0.999630
0.999332
0.998958
0.996910
0.997108
0.999471
0.999573
0.999149
0.998475
0.999550
0.999544
0.999558
0.999586
0.996944
0.990585
0.998918
0.998998
0.999322
0.999443
0.992814
0.983778
0.997776
0.997784
0.996958
0.999539
0.980614
0.902996
0.999587
0.999584
0.999559
0.999501
0.999526
0.999568
0.999292
0.999365
0.999536
0.999019
0.999238
0.999454
0.999579
0.999601
0.999609
0.999571
0.999562
0.999541
0.999260
0.999375
0.999491
0.997986
0.998448
0.999506
0.999553
0.999556
0.999543
0.999474
0.945738
0.866282
0.999456
0.999494
0.999553
0.999602
0.992788
0.925468
0.999471
0.504948
0.010066
0.999364
0.999420
0.999369
0.999311
0.999421
0.999559
0.998775
0.998939
0.998725
0.999555
0.999563
0.999550
0.992579
0.995537
0.978736
0.999484
0.926629
0.723616
0.812163
0.843592
0.998080
0.999624
0.999574
0.999516
0.999588
0.975056
0.922756
0.167109
0.594466
0.999586
0.998776
0.931929
0.712681
0.529395
0.758142
0.974525
0.232212
0.536560
0.999551
0.999568
0.539430
0.049036
0.998730
0.998475
0.998176
0.001337
0.499918
0.993645
0.999533
0.999458
0.999263
0.999217
0.963368
0.869339
0.999499
0.999540
0.999602
0.774940
0.848205
0.999633
0.429593
0.688963
0.852254
0.999539
0.998808
0.997222
0.851503
0.958124
0.999466
0.999510
0.998661
0.996196
0.998825
0.997866
0.998923
0.449683
0.727984
0.999574
0.999389
0.999462
0.999574
0.999512
0.766859
0.370158
0.999583
0.999552
0.999537
0.850859
0.451975
0.035424
0.999563
0.993254
0.951555
0.007319
0.491845
0.925206
0.997795
0.998415
0.999583
0.996030
0.997317
0.999431
0.999505
0.999561
0.999609
0.903779
0.836704
0.688269
0.999494
0.999537
0.999567
0.996775
0.997905
0.999462
0.999586
0.999600
0.999611
0.999557
0.999568
0.999582
0.999510
0.507150
0.012512
0.999589
0.998272
0.992187
0.999322
0.987247
0.832289
0.991062
0.939254
0.999569
0.999358
0.999346
0.999266
0.999412
0.506569
0.011378
0.999517
0.999524
0.999510
0.999478
0.999388
0.999179
0.985381
0.996942
0.998343
0.999422
0.999468
0.999518
0.999477
0.999488
0.999449
0.144124
0.601727
0.999523
0.999244
0.999362
0.999531
0.999294
0.525794
0.028732
0.999397
0.627404
0.223397
0.999541
0.999216
0.998503
0.999218
0.638376
0.260091
0.999458
0.992341
0.889311
0.999613
0.999576
0.999524
0.501653
0.713894
0.997061
0.998787
0.502816
0.006071
0.999486
0.999418
0.999509
0.999588
0.999603
0.999614
0.997038
0.997931
0.998596
0.999580
0.999491
0.999324
0.999220
0.999471
0.999583
0.117896
0.578974
0.999267
0.999498
0.998605
0.995497
0.999592
0.999129
0.998473
0.295816
0.336042
0.193492
0.999529
0.999522
0.999568
0.781945
0.909955
0.981391
0.999441
0.999218
0.998962
0.999560
0.984190
0.928299
0.804573
0.904952
0.999578
0.999514
0.996559
0.989732
0.999518
0.976421
0.871444
0.999580
0.999595
0.999653
0.984816
0.990965
0.999219
0.999594
0.999538
0.999510
0.999598
0.994295
0.945997
0.999413
0.807336
0.575595
0.999574
0.959450
0.834801
0.998608
0.991967
0.952342
0.996007
0.969921
0.992183
0.993129
0.997967
0.999568
0.999364
0.994664
0.686361
0.999275
0.999432
0.999621
0.999376
0.994661
0.981403
0.999355
0.999415
0.999491
0.998673
0.998979
0.999495
0.999520
0.999235
0.998803
0.926250
0.986396
0.905803
0.030089
0.517977
0.986609
0.999572
0.999188
0.998536
0.999283
0.999502
0.999614
0.999474
0.999509
0.999549
0.999622
0.992909
0.920060
0.993020
0.993050
0.999525
0.995866
0.994730
0.999385
0.717100
0.724867
0.999330
0.999632
0.999467
0.999240
0.999443
0.500353
0.001295
0.008628
0.504108
0.999448
0.999577
0.999568
0.999627
0.999142
0.999310
0.998397
0.998236
0.998193
0.996432
0.999411
0.973735
0.824941
0.999275
0.999391
0.999550
0.999460
0.998618
0.996166
0.998700
0.996773
0.994839
0.999637
0.999596
0.999551
0.999577
0.999581
0.999587
0.999582
0.999437
0.999270
0.998956
0.999286
0.999554
0.009375
0.504356
0.999089
0.999128
0.998744
0.999598
0.999590
0.999610
0.999621
0.999581
0.998272
0.996349
0.999485
0.999536
0.999590
0.999511
0.998979
0.954820
0.998632
0.997489
0.994416
0.962244
0.986238
0.999552
0.999571
0.999548
0.999499
0.999529
0.999090
0.998447
0.999252
0.999322
0.999302
0.998807
0.998902
0.998797
0.999359
0.999380
0.999360
0.001414
0.004502
0.007210
0.022227
0.510558
0.944451
0.999466
0.997591
0.994527
0.994917
0.997508
0.998747
0.999405
0.999471
0.999509
0.999267
0.999324
0.999406
0.999395
0.999427
0.999472
0.999309
0.999466
0.999556
0.999540
0.999584
0.999627
0.997991
0.998758
0.999362
0.999585
0.999560
0.999538
0.974412
0.991337
0.999486
0.988353
0.954041
0.997173
0.998994
0.999194
0.999130
0.999574
0.994468
0.985688
0.999507
0.999266
0.998698
0.998805
0.522710
0.034498
0.999530
0.528154
0.048271
0.992659
0.837108
0.459152
0.998485
0.999091
0.999501
0.575779
0.761889
0.999441
0.999562
0.999577
0.999608
0.900395
0.890972
0.999359
0.720608
0.289558
0.003656
0.998947
0.997665
0.999539
0.997853
0.998603
0.999608
0.999442
0.999255
0.998887
0.991633
0.994235
0.999561
0.999503
0.675322
0.306215
0.992724
0.496772
0.001531
0.999359
0.999509
0.999564
0.742537
0.869138
0.999578
0.999516
0.968316
0.894606
0.999617
0.998917
0.992438
0.999015
0.999307
0.999557
0.022027
0.503394
0.999584
0.999537
0.999355
0.999112
0.999633
0.999583
0.999521
0.999591
0.726525
0.432056
0.999397
0.999423
0.999447
0.999561
0.999592
0.999620
0.968182
0.980878
0.998721
0.999607
0.999221
0.998658
0.948317
0.976324
0.999060
0.992916
0.996243
0.999483
0.998490
0.974460
0.906796
0.999076
0.999230
0.999293
0.999453
0.999491
0.999501
0.999592
0.999463
0.998287
0.999526
0.999498
0.999505
0.995327
0.997346
0.999485
0.999591
0.999614
0.999635
0.999143
0.996309
0.999556
0.965186
0.966636
0.980621
0.999610
0.985043
0.845799
0.999589
0.999599
0.999612
0.005799
0.238362
0.325143
0.999590
0.999595
0.999595
0.999584
0.999589
0.999587
0.142588
0.588691
0.999366
0.999519
0.998859
0.993470
0.999526
0.999533
0.999493
0.867808
0.930751
0.999576
0.344948
0.327159
0.294313
0.994741
0.974066
0.989543
0.999567
0.999525
0.999470
0.999641
0.999592
0.999520
0.992596
0.973483
0.999526
0.928942
0.832817
0.962552
0.795085
0.928811
0.995564
0.998415
0.988148
0.805936
0.999137
0.999284
0.999591
0.998711
0.826561
0.582224
0.999543
0.999572
0.999609
0.999284
0.964313
0.868964
0.983201
0.995972
0.999531
0.999481
0.999249
0.999013
0.999507
0.996905
0.993441
0.999554
0.999518
0.999331
0.979630
0.998029
0.999387
0.893130
0.733583
0.446031
0.967581
0.979378
0.998105
0.812932
0.807692
0.999583
0.999336
0.999326
0.999342
0.999581
0.999545
0.999504
0.997840
0.998308
0.999569
0.991829
0.989407
0.998655
0.999558
0.500592
0.001631
0.999205
0.999186
0.999023
0.999486
0.500787
0.001861
0.123173
0.532458
0.992608
0.999320
0.998776
0.995675
0.999605
0.999407
0.997622
0.999593
0.995949
0.905593
0.412280
0.706807
0.999556
0.997963
0.498832
0.001585
0.999546
0.999455
0.999350
0.998131
0.996770
0.999555
0.999545
0.990010
0.895798
0.999578
0.999364
0.999046
0.999436
0.998369
0.994808
0.999593
0.999522
0.999447
0.999299
0.999424
0.999564
0.999475
0.999521
0.999567
0.999602
0.998635
0.996765
0.998735
0.996216
0.968124
0.613688
0.836918
0.999399
0.999633
0.999584
0.999520
0.997411
0.998657
0.999387
0.997758
0.999024
0.999600
0.999003
0.999181
0.999320
0.995276
0.990272
0.999401
0.999252
0.996038
0.992589
0.999490
0.998803
0.995605
0.999191
0.999414
0.999646
0.998726
0.998523
0.996371
0.999561
0.999577
0.999577
0.999291
0.999467
0.999588
0.107260
0.552549
0.999535
0.845732
0.936773
0.999461
0.998729
0.998770
0.998463
0.999263
0.999380
0.999467
0.998168
0.999196
0.999615
0.994226
0.990553
0.999099
0.998557
0.999024
0.999603
0.999620
0.998978
0.997974
0.013601
0.119306
0.163755
0.999610
0.999507
0.999340
0.997131
0.997043
0.999347
0.077357
0.527209
0.999556
0.999589
0.999516
0.999383
0.996167
0.728371
0.239921
0.999504
0.999463
0.999401
0.999464
0.549983
0.019270
0.999417
0.999533
0.999623
0.998031
0.998660
0.999422
0.994854
0.996587
0.998954
0.005329
0.502140
0.999605
0.988404
0.993598
0.996143
0.997731
0.998577
0.999114
0.999429
0.586905
0.176748
0.998242
0.998963
0.999454
0.999473
0.999525
0.999576
0.999586
0.999040
0.998031
0.999647
0.999593
0.999538
0.617786
0.784129
0.999556
0.748304
0.914404
0.999285
0.007943
0.501018
0.992749
0.999578
0.999398
0.999215
0.999621
0.997657
0.995398
0.003262
0.501417
0.999629
0.999528
0.999372
0.998672
0.999245
0.992620
0.891025
0.995037
0.972211
0.921034
0.001710
0.499201
0.917408
0.999395
0.999442
0.999470
0.999121
0.998984
0.998561
0.012078
0.504646
0.999601
0.999591
0.999573
0.999543
0.999438
0.999272
0.999036
0.999388
0.998631
0.997752
0.787186
0.909131
0.960098
0.999438
0.922353
0.763963
0.883975
0.992915
0.999483
0.002874
0.500888
0.999487
0.999614
0.999608
0.999603
0.655970
0.567682
0.356805
0.999452
0.999300
0.999088
0.999610
0.999291
0.998661
0.972590
0.964515
0.900476
0.948133
0.955122
0.975196
0.999570
0.999518
0.999287
0.996142
0.996215
0.999034
0.005200
0.501590
0.999522
0.637640
0.756987
0.999417
0.990162
0.991943
0.999642
0.999649
0.999627
0.999596
0.598503
0.814695
0.999588
0.998784
0.640502
0.234238
0.999599
0.999256
0.995856
0.909747
0.960233
0.999397
0.997737
0.995954
0.999573
0.992223
0.996644
0.999541
0.991529
0.500491
0.003377
0.988739
0.896451
0.998555
0.998856
0.998919
0.999479
0.999494
0.999245
0.995332
0.999184
0.999296
0.999567
0.999514
0.999531
0.999584
0.986421
0.996593
0.999479
0.131014
0.556522
0.998338
0.999610
0.996806
0.992757
0.971835
0.953014
0.999535
0.999440
0.999515
0.999573
0.999163
0.999197
0.999194
0.998018
0.998730
0.999248
0.999568
0.524206
0.040180
0.996877
0.969167
0.999559
0.999555
0.999480
0.999310
0.998412
0.998969
0.998843
0.999530
0.877809
0.743901
0.528458
0.770293
0.999501
0.999074
0.999327
0.999593
0.997206
0.995620
0.994748
0.999313
0.999320
0.999273
0.093881
0.574567
0.999116
0.944914
0.985632
0.996111
0.998960
0.992852
0.986942
0.983714
0.990552
0.998734
0.999477
0.999456
0.999413
0.999580
0.995603
0.939836
0.999521
0.954294
0.795685
0.999021
0.999035
0.999420
0.996125
0.932071
0.999194
0.998351
0.997434
0.995093
0.999580
0.524821
0.033233
0.999356
0.997673
0.994600
0.999410
0.998718
0.997976
0.999599
0.945843
0.790211
0.999516
0.999219
0.997505
0.999592
0.999558
0.999510
0.999475
0.999558
0.999626
0.999430
0.924015
0.761601
0.972706
0.997196
0.998425
0.821207
0.752941
0.868853
0.999479
0.999244
0.998989
0.972824
0.921988
0.999267
0.999426
0.977483
0.892622
0.992126
0.995673
0.999273
0.999546
0.997767
0.977369
0.999209
0.997584
0.946083
0.051074
0.522225
0.992517
0.968649
0.922767
0.996298
0.027412
0.517806
0.999610
0.999597
0.999560
0.999534
0.999603
0.999303
0.998586
0.999586
0.999398
0.999115
0.997148
0.898061
0.741746
0.999440
0.775594
0.468473
0.999612
0.999601
0.999553
0.991045
0.993452
0.999509
0.999602
0.999533
0.999407
0.999378
0.638543
0.258392
0.994591
0.966697
0.930436
0.746966
0.383762
0.080531
0.999141
0.999172
0.999061
0.013128
0.506989
0.999452
0.998856
0.998720
0.999437
0.950770
0.982168
0.999609
0.999510
0.852641
0.692863
0.908032
0.898361
0.998312
0.999300
0.999402
0.999517
0.999522
0.999523
0.999512
0.510128
0.441712
0.388852
0.998629
0.999258
0.999619
0.999569
0.690541
0.342148
0.569766
0.767920
0.999586
0.635220
0.749223
0.999482
0.976255
0.982962
0.999506
0.999365
0.999292
0.999482
0.999047
0.999058
0.999314
0.999616
0.952439
0.832029
0.988504
0.983933
0.999523
0.160421
0.607973
0.997381
0.998915
0.999194
0.999451
0.486331
0.738089
0.999520
0.998963
0.761398
0.457315
0.996857
0.500005
0.002457
0.996373
0.997202
0.999545
0.999499
0.850714
0.649430
0.999450
0.996841
0.994160
0.999581
0.999522
0.999448
0.019173
0.508839
0.999517
0.999608
0.999388
0.998153
0.987118
0.909507
0.826547
0.997923
0.998657
0.999301
0.999627
0.998902
0.996708
0.999308
0.998571
0.997127
0.999578
0.999564
0.999529
0.999579
0.999567
0.999530
0.238187
0.587978
0.999164
0.999502
0.999537
0.999591
0.999392
0.999483
0.999525
0.955619
0.954122
0.999500
0.999397
0.999480
0.999540
0.998728
0.663305
0.223967
0.998835
0.997744
0.999043
0.998855
0.538049
0.064806
0.999025
0.951682
0.844538
0.999629
0.993748
0.988429
0.997433
0.999187
0.999469
0.996841
0.988594
0.918177
0.999460
0.999486
0.999570
0.996266
0.993460
0.999555
0.956510
0.987452
0.997717
0.999480
0.500721
0.001809
0.999624
0.999608
0.999590
0.999527
0.999567
0.999613
0.421969
0.708244
0.999446
0.007392
0.503312
0.999575
0.170030
0.101837
0.152200
0.999186
0.999341
0.999458
0.999529
0.956545
0.774357
0.733942
0.324901
0.000996
0.999421
0.921687
0.763866
0.003353
0.501668
0.999554
0.990293
0.996771
0.999516
0.737698
0.876079
0.999468
0.860101
0.886661
0.924011
0.999548
0.999507
0.999453
0.054104
0.532795
0.997926
0.999558
0.999597
0.999636
0.999364
0.994477
0.931378
0.997887
0.643222
0.199576
0.999599
0.999607
0.999597
0.999561
0.999556
0.999552
0.998353
0.998622
0.999561
0.813497
0.877403
0.915254
0.999529
0.999465
0.999523
0.999577
0.999183
0.998326
0.817892
0.952401
0.999581
0.999154
0.999331
0.999524
0.597193
0.816948
0.999478
0.992811
0.996569
0.999564
0.997751
0.998290
0.999507
0.997196
0.674125
0.290731
0.006340
0.502816
0.999604
0.999613
0.999550
0.999471
0.998895
0.999078
0.999568
0.267099
0.139351
0.001315
0.954137
0.979318
0.998046
0.997653
0.596342
0.135787
0.999595
0.999595
0.999610
0.999526
0.996956
0.994186
0.997517
0.998475
0.999624
0.999637
0.999630
0.999621
0.999422
0.999365
0.999307
0.999564
0.998868
0.997809
0.003412
0.501340
0.999506
0.369956
0.706133
0.998681
0.996047
0.677892
0.284544
0.999156
0.998209
0.994212
0.946487
0.973555
0.999240
0.990064
0.905076
0.999320
0.999469
0.773269
0.441606
0.993831
0.997388
0.999599
0.999064
0.999324
0.999555
0.636221
0.769204
0.999477
0.952657
0.494601
0.000833
0.999134
0.999188
0.999515
0.999602
0.999559
0.999520
0.993383
0.983059
0.998062
0.999501
0.999561
0.999635
0.999455
0.993937
0.982387
0.999582
0.999565
0.999544
0.064899
0.492558
0.695298
0.991084
0.994866
0.999507
0.999541
0.823604
0.548580
0.999313
0.999381
0.999558
0.817771
0.741909
0.999275
0.999568
0.999429
0.999268
0.999566
0.998298
0.994174
0.999185
0.903843
0.777590
0.999177
0.999323
0.999548
0.986873
0.991713
0.993480
0.999494
0.999503
0.999511
0.999128
0.999336
0.999264
0.999549
0.996269
0.993079
0.989462
0.971922
0.991916
0.999567
0.999578
0.999581
0.990828
0.978016
0.972101
0.998632
0.998826
0.999538
0.998378
0.997961
0.999488
0.999354
0.999424
0.999514
0.999317
0.538559
0.077101
0.999137
0.997069
0.993985
0.999502
0.999111
0.998543
0.992159
0.990364
0.999550
0.997339
0.997838
0.999539
0.957959
0.959551
0.999540
0.997211
0.992528
0.999132
0.001672
0.500328
0.999072
0.999598
0.999483
0.999308
0.999390
0.999479
0.999545
0.999312
0.998629
0.997878
0.999518
0.999500
0.999455
0.985086
0.991780
0.999586
0.997685
0.998120
0.998965
0.998441
0.998963
0.999552
0.999309
0.999440
0.999496
0.988958
0.995099
0.999298
0.999620
0.999566
0.999486
0.998383
0.998850
0.999132
0.999603
0.999604
0.999596
0.999506
0.999290
0.999053
0.999554
0.999566
0.999578
0.999586
0.999609
0.999633
0.999329
0.999007
0.998353
0.998524
0.998658
0.999499
0.228608
0.191083
0.160357
0.999413
0.998258
0.903689
0.011945
0.503461
0.999096
0.005314
0.502035
0.999445
0.073404
0.480204
0.887550
0.999525
0.998879
0.997121
0.982409
0.990750
0.999576
0.999339
0.919429
0.789539
0.999611
0.999599
0.999580
0.273731
0.627386
0.999538
0.999540
0.997038
0.983870
0.999581
0.999496
0.999354
0.999550
0.999539
0.999544
0.998885
0.999019
0.999599
0.999444
0.501306
0.002827
0.985957
0.993111
0.996789
0.898759
0.967804
0.998267
0.999602
0.552502
0.088495
0.999589
0.999465
0.999168
0.998981
0.734740
0.298596
0.999617
0.999408
0.999121
0.982250
0.692471
0.303942
0.999449
0.999519
0.999614
0.999588
0.999567
0.999541
0.999596
0.978744
0.964073
0.998773
0.868295
0.604430
0.999156
0.999394
0.999503
0.999619
0.999148
0.998660
0.999565
0.999544
0.999533
0.999401
0.999500
0.999512
0.993836
0.990855
0.949097
0.999575
0.999566
0.999555
0.997461
0.979852
0.958002
0.726834
0.772199
0.992610
0.985765
0.993169
0.999380
0.999260
0.993648
0.981987
0.997434
0.995685
0.999185
0.999583
0.997927
0.911425
0.999564
0.999379
0.999123
0.999608
0.999578
0.999537
0.999191
0.999337
0.999462
0.141831
0.575743
0.999407
0.813989
0.860106
0.997077
0.998120
0.999081
0.999262
0.999600
0.998482
0.996633
0.999175
0.999346
0.999573
0.999544
0.999576
0.999621
0.988028
0.995704
0.968866
0.001527
0.500008
0.898825
0.456302
0.746014
0.993042
0.897747
0.664839
0.358009
0.712517
0.832285
0.988344
0.999595
0.999557
0.999521
0.871609
0.932055
0.999394
0.998894
0.999173
0.999595
0.999598
0.992280
0.972572
0.999488
0.639937
0.165321
0.998900
0.922504
0.709852
0.999520
0.999347
0.998949
0.998451
0.998841
0.999403
0.999574
0.999571
0.999568
0.999591
0.614579
0.229647
0.999141
0.997963
0.978740
0.999440
0.999354
0.999240
0.999616
0.999559
0.999520
0.999567
0.999542
0.999513
0.911700
0.952073
0.999087
0.700041
0.710991
0.599351
0.800742
0.938468
0.999614
0.999474
0.999524
0.999566
0.869577
0.943106
0.999570
0.998798
0.994547
0.985231
0.870571
0.423540
0.002531
0.998742
0.998937
0.999606
0.999584
0.999491
0.999369
0.999556
0.999141
0.998590
0.147858
0.551537
0.999413
0.806468
0.769403
0.617958
0.999569
0.999578
0.999595
0.991515
0.995480
0.999601
0.999542
0.999554
0.999549
0.598638
0.826826
0.999480
0.226913
0.515414
0.999005
0.999343
0.501626
0.002777
0.999554
0.524444
0.046514
0.999618
0.999591
0.999556
0.236025
0.633758
0.999391
0.885801
0.846420
0.999043
0.998596
0.999141
0.999613
0.999265
0.999388
0.999520
0.993271
0.951942
0.995103
0.999450
0.999452
0.999506
0.999262
0.732609
0.402915
0.999574
0.999534
0.999485
0.999633
0.995270
0.989048
0.998585
0.997639
0.997299
0.940703
0.993291
0.999549
0.998531
0.999194
0.999379
0.999639
0.999593
0.999518
0.999502
0.992238
0.951289
0.091889
0.552999
0.999553
0.975047
0.993939
0.997192
0.998550
0.999006
0.999173
0.999214
0.999245
0.999105
0.999552
0.501022
0.002364
0.848587
0.975262
0.999456
0.023366
0.506798
0.999580
0.999468
0.894896
0.622021
0.999559
0.999500
0.999395
0.999536
0.999397
0.999135
0.999407
0.999428
0.999437
0.999592
0.999584
0.999573
0.987789
0.980850
0.905586
0.999535
0.982079
0.941362
0.999611
0.999584
0.999556
0.981060
0.891966
0.997587
0.909659
0.974985
0.999550
0.999035
0.714594
0.368594
0.999397
0.796714
0.615486
0.998977
0.999023
0.999184
0.999609
0.999575
0.999514
0.973039
0.989499
0.999344
0.999574
0.999348
0.988724
0.999500
0.999438
0.999252
0.999253
0.999437
0.999545
0.999573
0.999554
0.999514
0.997913
0.998657
0.999639
0.999567
0.502337
0.004554
0.999623
0.870802
0.637501
0.514186
0.732444
0.999340
0.998779
0.999040
0.999282
0.999581
0.593439
0.145504
0.999545
0.999576
0.999605
0.025453
0.514591
0.998599
0.973467
0.987144
0.998739
0.999286
0.998968
0.997975
0.999496
0.970461
0.928518
0.897123
0.980679
0.999555
0.986237
0.996950
0.999460
0.983870
0.975785
0.999598
0.999308
0.999454
0.999628
0.999551
0.993511
0.949629
0.001196
0.500328
0.999391
0.999425
0.999467
0.999571
0.008898
0.502834
0.999169
0.999601
0.999260
0.998732
0.999225
0.997960
0.996352
0.999032
0.999164
0.999494
0.999522
0.999195
0.996892
0.999597
0.998095
0.985938
0.999352
0.999484
0.999582
0.999572
0.506480
0.010443
0.999593
0.698218
0.291509
0.998993
0.999182
0.999498
0.999467
0.923295
0.810835
0.999390
0.999518
0.999483
0.999512
0.960503
0.818942
0.998707
0.999148
0.999511
0.999564
0.999555
0.999540
0.933058
0.933522
0.994599
0.999479
0.990341
0.971230
0.999475
0.999533
0.999577
0.999512
0.999549
0.999566
0.999574
0.500609
0.001635
0.082005
0.529703
0.999431
0.999571
0.999588
0.999588
0.950505
0.906380
0.983331
0.999519
0.999571
0.999616
0.999184
0.999391
0.999475
0.999176
0.999214
0.999188
0.999369
0.999391
0.999563
0.999581
0.595493
0.147491
0.992145
0.997459
0.999568
0.997297
0.998203
0.999058
0.998434
0.998779
0.999481
0.999613
0.999465
0.999147
0.999616
0.999255
0.997615
0.988450
0.969299
0.952322
0.998817
0.999244
0.999396
0.999489
0.999537
0.999568
0.999576
0.996214
0.991666
0.997508
0.999013
0.999606
0.999610
0.543293
0.056010
0.998111
0.998624
0.999483
0.995789
0.997378
0.999378
0.999571
0.999585
0.999590
0.999555
0.999543
0.999496
0.997280
0.997566
0.997057
0.998744
0.999010
0.999037
0.999568
0.999538
0.999509
0.999140
0.999033
0.999540
0.999537
0.996278
0.757178
0.999272
0.999407
0.999515
0.999541
0.999562
0.999576
0.977895
0.996118
0.999347
0.999542
0.999498
0.999454
0.991173
0.993756
0.995093
0.999556
0.999585
0.999615
0.002717
0.501244
0.999619
0.998927
0.997469
0.993889
0.996942
0.998287
0.997758
0.998994
0.999057
0.999296
0.071155
0.495907
0.802415
0.999563
0.999567
0.999581
0.999526
0.999145
0.998293
0.998920
0.999193
0.999475
0.999506
0.999453
0.999390
0.998184
0.999200
0.999521
0.874593
0.933031
0.999606
0.999523
0.999141
0.998666
0.996689
0.998075
0.999543
0.001420
0.499198
0.996146
0.878176
0.988464
0.999401
0.999482
0.999065
0.998313
0.999619
0.999280
0.998500
0.999596
0.999549
0.999462
0.256821
0.654225
0.998745
0.999285
0.999305
0.999353
0.999442
0.998372
0.996666
0.999498
0.996663
0.988647
0.999610
0.998392
0.996695
0.999472
0.999530
0.999587
0.272358
0.636909
0.999502
0.998672
0.998974
0.999166
0.099499
0.556700
0.999073
0.999610
0.999497
0.999389
0.994448
0.982692
0.986674
0.514783
0.725709
0.999342
0.999488
0.999353
0.999197
0.044707
0.517741
0.999442
0.999563
0.999551
0.999541
0.243119
0.598655
0.917321
0.997231
0.998876
0.999599
0.709105
0.845131
0.999189
0.999630
0.999559
0.999466
0.997903
0.997011
0.995913
0.999575
0.976648
0.952246
0.998521
0.919427
0.680537
0.999626
0.999565
0.999485
0.999528
0.999340
0.998963
0.999545
0.999337
0.999059
0.999341
0.999213
0.999109
0.997444
0.979128
0.939658
0.003093
0.501360
0.999574
0.999575
0.999069
0.916146
0.999564
0.999550
0.999519
0.654372
0.330869
0.003132
0.999552
0.999518
0.999328
0.234102
0.613790
0.998604
0.998813
0.998693
0.995210
0.999468
0.999465
0.999435
0.958971
0.483644
0.003916
0.699243
0.739595
0.990856
0.995605
0.995744
0.999519
0.999379
0.999430
0.999464
0.999533
0.999434
0.999293
0.998844
0.998325
0.998364
0.999408
0.999423
0.999436
0.034056
0.395050
0.721071
0.084723
0.509128
0.999554
0.999498
0.999192
0.998625
0.989111
0.994286
0.999153
0.921911
0.728218
0.425418
0.999629
0.999607
0.999576
0.526826
0.776509
0.997821
0.999565
0.999458
0.999379
0.999437
0.506133
0.011309
0.999547
0.999479
0.999394
0.999550
0.998694
0.997175
0.549962
0.749070
0.998434
0.999513
0.997264
0.823879
0.999415
0.957615
0.832009
0.999451
0.999469
0.999381
0.999396
0.999489
0.999579
0.879048
0.892556
0.999006
0.868326
0.842870
0.975766
0.999561
0.999578
0.999612
0.999499
0.999405
0.999187
0.999436
0.999370
0.999312
0.998285
0.964994
0.854963
0.999558
0.999512
0.999121
0.999068
0.926023
0.638872
0.999408
0.999471
0.999574
0.975549
0.982231
0.995704
0.999526
0.999494
0.999427
0.999304
0.697178
0.280015
0.997913
0.998204
0.999117
0.277584
0.606143
0.998952
0.999494
0.999470
0.999413
0.999635
0.999558
0.999442
0.999511
0.999491
0.999381
0.954349
0.997946
0.999632
0.996101
0.997547
0.999340
0.998895
0.999250
0.999585
0.998914
0.998577
0.999531
0.996230
0.997994
0.998795
0.999576
0.534721
0.043845
0.999313
0.999303
0.999187
0.999275
0.999335
0.999421
0.999588
0.991675
0.963483
0.999565
0.999566
0.999561
0.996297
0.998137
0.999631
0.999531
0.999465
0.999304
0.970203
0.979785
0.999333
0.177977
0.581814
0.999591
0.998649
0.998659
0.999427
0.999287
0.999263
0.999183
0.999579
0.998953
0.998088
0.058847
0.531867
0.999452
0.638864
0.781563
0.972015
0.999519
0.995835
0.980170
0.859995
0.942285
0.999598
0.999100
0.999236
0.999570
0.999598
0.999344
0.999047
0.999583
0.999604
0.999621
0.998083
0.998610
0.999599
0.633640
0.835269
0.999529
0.999456
0.999454
0.999515
0.829161
0.901608
0.999546
0.569577
0.777350
0.999494
0.033063
0.510827
0.997448
0.999597
0.999548
0.999473
0.998169
0.933894
0.790991
0.999456
0.999516
0.999605
0.999558
0.999389
0.999215
0.469868
0.313651
0.149822
0.998989
0.733032
0.461718
0.999572
0.999557
0.999548
0.007262
0.457991
0.814518
0.999608
0.999569
0.999530
0.991248
0.749473
0.304948
0.999510
0.998420
0.991977
0.992402
0.999193
0.999510
0.917560
0.960647
0.999463
0.999655
0.999596
0.999518
0.999586
0.996450
0.988172
0.999580
0.999261
0.998614
0.998952
0.999252
0.999462
0.999588
0.996168
0.985530
0.999414
0.998290
0.996617
0.041322
0.516999
0.996873
0.353635
0.681001
0.999455
0.999155
0.995442
0.987994
0.997998
0.998277
0.997008
0.999241
0.994578
0.983233
0.990318
0.997009
0.999507
0.998167
0.814469
0.575979
0.999571
0.999538
0.999508
0.999610
0.997689
0.931567
0.171454
0.510589
0.969227
0.999294
0.650454
0.266259
0.998929
0.999111
0.999296
0.999456
0.999511
0.999595
0.999591
0.999544
0.999478
0.999587
0.999573
0.999556
0.399792
0.602192
0.966606
0.999260
0.501587
0.003788
0.999237
0.999184
0.999415
0.999282
0.999267
0.999284
0.995245
0.995660
0.997934
0.040592
0.512914
0.999285
0.999498
0.999556
0.999529
0.175613
0.378768
0.572361
0.999578
0.998277
0.996624
0.121817
0.573034
0.998503
0.999568
0.999477
0.999376
0.998878
0.755900
0.344425
0.699022
0.406144
0.324940
0.999359
0.997975
0.987265
0.999317
0.999406
0.999583
0.999031
0.999302
0.999554
0.999517
0.999423
0.999310
0.998828
0.738531
0.465020
0.999494
0.523667
0.022980
0.521554
0.615565
0.999578
0.991315
0.995487
0.999608
0.999064
0.999188
0.999310
0.994707
0.944487
0.999027
0.998913
0.999167
0.999226
0.999335
0.973807
0.920644
0.998125
0.998645
0.999577
0.998955
0.999219
0.999579
0.999506
0.999436
0.999352
0.995940
0.997446
0.999427
0.950040
0.941286
0.999579
0.999565
0.999585
0.999597
0.995634
0.996844
0.999581
0.999423
0.999424
0.999455
0.998354
0.998978
0.999625
0.991554
0.998394
0.999519
0.999634
0.999084
0.996218
0.248310
0.626817
0.999389
0.999576
0.998401
0.996742
0.999525
0.999541
0.999593
0.999543
0.503588
0.031622
0.999556
0.999535
0.999512
0.999612
0.864475
0.647491
0.019459
0.508899
0.999598
0.999587
0.999591
0.999581
0.246468
0.622060
0.999461
0.999451
0.662707
0.275726
0.097350
0.558048
0.999429
0.999523
0.999563
0.999582
0.999386
0.501146
0.002921
0.999270
0.998868
0.998799
0.789958
0.845032
0.997488
0.999558
0.999539
0.999516
0.999601
0.999534
0.999420
0.999582
0.999584
0.999591
0.360277
0.653070
0.999422
0.999496
0.990039
0.902297
0.999580
0.999339
0.998166
0.975433
0.987346
0.999317
0.999575
0.999532
0.999458
0.204300
0.629758
0.999528
0.997154
0.844543
0.582931
0.552952
0.765062
0.997775
0.999551
0.972498
0.942200
0.999510
0.998402
0.995625
0.999461
0.999119
0.999451
0.997646
0.593144
0.118692
0.999607
0.999251
0.997936
0.999592
0.502146
0.004428
0.998483
0.633030
0.202252
0.999533
0.999569
0.999601
0.999573
0.999546
0.999566
0.999358
0.877174
0.645398
0.999482
0.997314
0.910637
0.999333
0.929512
0.830360
0.998339
0.758981
0.355086
0.011082
0.503977
0.998649
0.999608
0.651750
0.167622
0.998687
0.999186
0.999630
0.003888
0.500928
0.997008
0.970823
0.985625
0.999154
0.999535
0.999578
0.999615
0.999558
0.999548
0.999499
0.002013
0.271528
0.449695
0.922998
0.967672
0.998491
0.971565
0.954641
0.999579
0.166007
0.547232
0.999503
0.995760
0.993544
0.998732
0.973478
0.854901
0.555704
0.999601
0.999618
0.999634
0.446149
0.653525
0.986197
0.999514
0.999537
0.999559
0.239394
0.616602
0.999304
0.999603
0.500508
0.001404
0.995262
0.994074
0.980755
0.999425
0.998559
0.994908
0.213603
0.600182
0.997960
0.998372
0.576932
0.138097
0.997666
0.998472
0.999545
0.995247
0.997510
0.999557
0.999629
0.999595
0.999555
0.999540
0.871093
0.647884
0.962937
0.976930
0.999134
0.958557
0.911658
0.999519
0.999474
0.999268
0.998738
0.999468
0.551637
0.093803
0.999526
0.999486
0.999452
0.002095
0.500821
0.999571
0.859996
0.914343
0.998547
0.998120
0.998626
0.999600
0.854534
0.757390
0.655293
0.966175
0.993137
0.996769
0.963986
0.891435
0.998609
0.999396
0.999368
0.999516
0.999555
0.999457
0.999355
0.998952
0.878283
0.607407
0.999218
0.993347
0.980543
0.998948
0.999224
0.999574
0.998985
0.999288
0.999613
0.999286
0.999073
0.994639
0.999165
0.999182
0.999391
0.998995
0.534248
0.066711
0.999435
0.999405
0.999322
0.999603
0.969754
0.863449
0.990937
0.995893
0.998596
0.885376
0.953897
0.999597
0.999507
0.999560
0.999618
0.999630
0.613034
0.187664
0.999602
0.999265
0.998885
0.999206
0.999382
0.999549
0.999536
0.999572
0.999613
0.999500
0.998729
0.998649
0.999453
0.999494
0.999562
0.990914
0.994960
0.998253
0.002548
0.490986
0.961429
0.998497
0.999126
0.999507
0.999579
0.997895
0.996277
0.999475
0.997666
0.991896
0.998812
0.998670
0.998364
0.999509
0.999494
0.999457
0.998663
0.999160
0.999491
0.999447
0.867770
0.725383
0.346527
0.617566
0.920588
0.999443
0.998901
0.997851
0.999573
0.999579
0.999576
0.999591
0.500912
0.002186
0.999392
0.999162
0.998530
0.808032
0.947848
0.999544
0.999450
0.999198
0.998781
0.996719
0.997978
0.999148
0.007020
0.502311
0.999557
0.999602
0.533808
0.040085
0.998877
0.598887
0.127695
0.994860
0.993741
0.999508
0.999537
0.935129
0.819309
0.999290
0.999446
0.999588
0.999593
0.999575
0.999561
0.990227
0.978083
0.841473
0.999193
0.999093
0.998919
0.910093
0.992975
0.998285
0.999468
0.999494
0.999489
0.999509
0.999518
0.999526
0.999574
0.500523
0.001466
0.999574
0.999561
0.999503
0.003778
0.501584
0.999588
0.515637
0.796979
0.999571
0.937406
0.992125
0.999313
0.999443
0.656118
0.288470
0.999426
0.999444
0.999387
0.999592
0.569301
0.043585
0.291517
0.614965
0.998590
0.997454
0.998390
0.998826
0.989771
0.835827
0.550947
0.673473
0.856461
0.967879
0.979276
0.884591
0.999421
0.007547
0.503610
0.999548
0.999491
0.997354
0.993372
0.995580
0.997285
0.997787
0.999165
0.995907
0.990558
0.999394
0.999366
0.999365
0.999330
0.999380
0.999298
0.866604
0.852010
0.999539
0.999542
0.992634
0.909105
0.999522
0.999552
0.999583
0.999222
0.968251
0.869228
0.999607
0.999599
0.999560
0.999448
0.857565
0.659582
0.999013
0.880859
0.590857
0.999590
0.999511
0.999422
0.999475
0.999028
0.998508
0.720963
0.903007
0.997194
0.999583
0.990112
0.971229
0.999561
0.713647
0.419124
0.999423
0.999492
0.999561
0.997046
0.524712
0.040123
0.946006
0.813797
0.999567
0.999581
0.999587
0.999600
0.999485
0.999551
0.999627
0.999216
0.998999
0.997971
0.996932
0.498500
0.002751
0.951324
0.905274
0.998762
0.633906
0.670851
0.733822
0.999490
0.999508
0.999587
0.010853
0.448250
0.778715
0.999549
0.975158
0.952998
0.999316
0.999413
0.999485
0.985440
0.984459
0.999424
0.998820
0.998369
0.982942
0.915865
0.903227
0.999398
0.999547
0.966030
0.886679
0.999327
0.999534
0.999540
0.999485
0.999421
0.999399
0.999126
0.999345
0.999560
0.023514
0.399339
0.686022
0.999593
0.999565
0.999533
0.997853
0.998729
0.999619
0.999577
0.999102
0.997851
0.997621
0.995640
0.984671
0.999640
0.999571
0.999484
0.999109
0.999392
0.999581
0.999509
0.999493
0.999461
0.999549
0.999251
0.998825
0.932348
0.976935
0.999579
0.999500
0.999498
0.999548
0.005472
0.241645
0.384147
0.999616
0.999575
0.999521
0.999451
0.999489
0.999521
0.999619
0.908545
0.815042
0.507727
0.764151
0.999388
0.752772
0.776493
0.999540
0.999440
0.999485
0.999378
0.998751
0.998964
0.998681
0.987649
0.989069
0.997697
0.999539
0.999524
0.999513
0.999547
0.994800
0.969472
0.008393
0.503614
0.998902
0.998992
0.999205
0.999615
0.997096
0.997414
0.999335
0.006272
0.501551
0.970976
0.998962
0.998632
0.998232
0.999438
0.999487
0.999521
0.996018
0.989847
0.946984
0.653585
0.861871
0.998928
0.310378
0.665168
0.998965
0.037158
0.517599
0.999445
0.999563
0.999499
0.999330
0.999256
0.996068
0.909007
0.999623
0.999601
0.999576
0.999529
0.619291
0.215832
0.999441
0.999497
0.999567
0.997944
0.998618
0.999496
0.999226
0.999395
0.999596
0.960389
0.940851
0.989384
0.999534
0.999265
0.998972
0.842409
0.900827
0.999582
0.814272
0.679743
0.420958
0.995053
0.998929
0.999643
0.985706
0.523275
0.035987
0.999590
0.964458
0.865266
0.999584
0.999586
0.999567
0.999599
0.999604
0.999591
0.998991
0.714282
0.334898
0.997835
0.759055
0.454821
0.984296
0.995342
0.999588
0.999480
0.999208
0.998903
0.999367
0.999370
0.999407
0.999574
0.503511
0.005618
0.678266
0.807500
0.999520
0.447062
0.708384
0.999566
0.998209
0.984178
0.919095
0.993909
0.994996
0.999466
0.999384
0.999396
0.999439
0.999537
0.623565
0.245423
0.572656
0.824068
0.999552
0.999432
0.999476
0.999530
0.343732
0.734150
0.945519
0.991140
0.996901
0.999534
