0.852508
0.855477
0.997157
0.999335
0.999224
0.998499
0.997769
0.999067
0.999029
0.045421
0.522211
0.997966
0.999045
0.999166
0.999336
0.998819
0.999056
0.999273
0.995217
0.963678
0.910932
0.998147
0.998083
0.999456
0.998717
0.989622
0.963160
0.999255
0.999226
0.999164
0.999409
0.998637
0.997328
0.995421
0.997079
0.999262
0.999248
0.999305
0.999380
0.999186
0.998645
0.997798
0.998556
0.998904
0.999178
0.997064
0.995101
0.993526
0.999190
0.512692
0.022706
0.999433
0.999379
0.999251
0.999453
0.999407
0.999346
0.999336
0.999346
0.999413
0.006869
0.502970
0.999316
0.997007
0.998386
0.998570
0.993081
0.995758
0.999243
0.998729
0.956478
0.847948
0.998917
0.998922
0.998869
0.999335
0.997506
0.989152
0.997526
0.997539
0.999078
0.999301
0.997863
0.993140
0.999231
0.999318
0.999439
0.999244
0.996945
0.992861
0.998934
0.506835
0.009340
0.105274
0.540458
0.998085
0.999128
0.999073
0.998933
0.996957
0.517177
0.035294
0.999457
0.999350
0.999243
0.999054
0.999243
0.999434
0.998739
0.999077
0.999350
0.591859
0.762917
0.999255
0.118328
0.560272
0.999070
0.997038
0.953501
0.908660
0.999220
0.998892
0.996596
0.696398
0.864909
0.997057
0.997473
0.993941
0.998892
0.991055
0.994410
0.999387
0.999024
0.998930
0.998748
0.963142
0.756325
0.433179
0.994973
0.997174
0.997646
0.933407
0.972000
0.999333
0.999410
0.998658
0.996161
0.999445
0.999402
0.999353
0.994693
0.996297
0.999306
0.978208
0.983535
0.989248
0.999450
0.998485
0.996142
0.679456
0.655138
0.490731
0.999141
0.998481
0.998008
0.998700
0.998899
0.998845
0.998381
0.998354
0.999255
0.999465
0.990783
0.968747
0.999295
0.999204
0.999094
0.974192
0.964997
0.909572
0.968878
0.985338
0.996755
0.067951
0.530362
0.997962
0.999450
0.999412
0.999223
0.998238
0.615800
0.081824
0.845709
0.879770
0.999129
0.997983
0.998672
0.999352
0.992154
0.995067
0.997461
0.382832
0.558520
0.723142
0.999179
0.852250
0.597836
0.999181
0.990967
0.939596
0.998966
0.999184
0.999390
0.999152
0.999203
0.999436
0.999461
0.998093
0.996926
0.999305
0.995066
0.958062
0.999045
0.999239
0.999473
0.897638
0.971787
0.999210
0.995930
0.997212
0.999307
0.999307
0.999013
0.998408
0.942521
0.968709
0.991456
0.980956
0.966911
0.999136
0.945798
0.954987
0.999155
0.999345
0.999338
0.999326
0.118837
0.556598
0.998887
0.068966
0.530225
0.999311
0.997411
0.998459
0.999298
0.991988
0.635120
0.213999
0.999359
0.998882
0.998001
0.992968
0.994678
0.995738
0.966597
0.968999
0.999320
0.999294
0.997114
0.994653
0.996584
0.997956
0.999304
0.999099
0.998934
0.998264
0.999378
0.980307
0.881288
0.994722
0.991350
0.999199
0.999351
0.847397
0.541658
0.998539
0.961946
0.916797
0.994875
0.996232
0.997147
0.785764
0.897305
0.988533
0.999149
0.911744
0.727390
0.664633
0.812198
0.995509
0.999374
0.998996
0.998101
0.999270
0.999279
0.999190
0.998834
0.999048
0.999262
0.999132
0.998967
0.998897
0.998881
0.994199
0.949437
0.999363
0.504308
0.008303
0.852659
0.950852
0.998967
0.990883
0.873175
0.749109
0.993724
0.996285
0.999185
0.999030
0.999205
0.999308
0.002504
0.497906
0.992566
0.998899
0.997548
0.996276
0.998195
0.998901
0.999424
0.994974
0.997720
0.999421
0.992483
0.986838
0.999418
0.998359
0.971846
0.822900
0.999340
0.859640
0.690784
0.999321
0.879163
0.730861
0.999387
0.606536
0.204435
0.999367
0.999053
0.998077
0.841368
0.471582
0.050831
0.999318
0.549854
0.092673
0.925725
0.950713
0.983366
0.895321
0.945714
0.997593
0.999298
0.787670
0.545470
0.996614
0.999145
0.999425
0.999308
0.997220
0.994406
0.999431
0.740191
0.362251
0.999258
0.999241
0.999294
0.012462
0.504616
0.999446
0.998932
0.998844
0.998638
0.996914
0.995736
0.993929
0.998175
0.995341
0.982552
0.536182
0.770115
0.999409
0.961640
0.521407
0.060681
0.934481
0.963399
0.999040
0.998824
0.999069
0.999375
0.997230
0.990381
0.981666
0.010803
0.283461
0.473741
0.999252
0.998043
0.996323
0.007443
0.502893
0.997978
0.201148
0.586303
0.985946
0.998362
0.998780
0.999221
0.983397
0.990696
0.999474
0.999130
0.999203
0.999289
0.970851
0.982163
0.999359
0.999328
0.997235
0.992362
0.999035
0.998468
0.996045
0.954810
0.486948
0.042158
0.999484
0.998786
0.997896
0.175545
0.602970
0.999088
0.999263
0.998577
0.997923
0.998941
0.954796
0.799800
0.958731
0.689923
0.432896
0.985357
0.969331
0.957074
0.998983
0.999009
0.999106
0.998009
0.998436
0.998851
0.999407
0.971738
0.933892
0.002561
0.499480
0.997381
0.997320
0.998258
0.999084
0.991960
0.992202
0.993717
0.998891
0.949869
0.893216
0.999371
0.999276
0.999150
0.994970
0.995516
0.998823
0.981948
0.997590
0.999390
0.999431
0.504819
0.008673
0.692841
0.782900
0.998394
0.993834
0.995338
0.999380
0.999139
0.502861
0.005725
0.999396
0.998312
0.996019
0.998809
0.999032
0.999427
0.999421
0.663651
0.292462
0.998873
0.997018
0.997667
0.996598
0.994787
0.998815
0.999074
0.999231
0.999414
0.998276
0.998663
0.999120
0.999243
0.999277
0.999247
0.999319
0.999358
0.999388
0.999369
0.506637
0.011265
0.999426
0.998388
0.997005
0.999086
0.999230
0.999354
0.998397
0.997510
0.998002
0.992018
0.981950
0.971735
0.999031
0.988237
0.977907
0.244440
0.627976
0.999479
0.999282
0.999284
0.999286
0.999420
0.701105
0.403811
0.999390
0.999345
0.999294
0.202714
0.610774
0.950246
0.999315
0.914788
0.739118
0.999144
0.976582
0.841739
0.998579
0.996577
0.990294
0.967143
0.655814
0.315975
0.893741
0.942550
0.999371
0.999325
0.999150
0.998706
0.999392
0.999107
0.998518
0.999418
0.851587
0.490595
0.999260
0.999310
0.999358
0.999440
0.999393
0.999343
0.998966
0.997229
0.995477
0.998944
0.999211
0.999447
0.393871
0.682022
0.999155
0.999358
0.999402
0.999445
0.656458
0.378968
0.092071
0.998678
0.998789
0.999395
0.999393
0.999350
0.999280
0.997320
0.997808
0.998652
0.999346
0.999301
0.999217
0.809994
0.929539
0.999054
0.999266
0.513936
0.027471
0.999086
0.947449
0.754032
0.999259
0.996418
0.990369
0.999165
0.504781
0.008549
0.999262
0.999181
0.998974
0.975316
0.982070
0.980380
0.998126
0.998795
0.999492
0.998067
0.996953
0.996733
0.999283
0.936261
0.854483
0.999338
0.998935
0.998093
0.983877
0.985417
0.999422
0.999408
0.998531
0.995188
0.967431
0.989419
0.998964
0.999402
0.998308
0.996867
0.996926
0.997785
0.999356
0.999414
0.994066
0.981256
0.995460
0.996495
0.997332
0.999110
0.889047
0.756383
0.810350
0.710196
0.524400
0.999323
0.998035
0.996353
0.999338
0.998803
0.998021
0.999386
0.999357
0.999397
0.995510
0.995339
0.999214
0.992980
0.995456
0.999163
0.999415
0.999314
0.999165
0.999341
0.999241
0.999117
0.997245
0.998353
0.999229
0.998743
0.998966
0.999107
0.999077
0.999151
0.999197
0.999322
0.767630
0.287888
0.996930
0.997198
0.998500
0.999488
0.904725
0.771239
0.998399
0.736323
0.266399
0.998594
0.998858
0.998716
0.999021
0.999234
0.999413
0.886978
0.920010
0.926578
0.999039
0.999159
0.999100
0.894206
0.826785
0.576345
0.998855
0.796457
0.391362
0.993138
0.973132
0.998101
0.999318
0.999327
0.999318
0.999257
0.997336
0.995290
0.042808
0.516200
0.999337
0.991341
0.610895
0.194913
0.357706
0.628073
0.841793
0.604910
0.745046
0.999411
0.999392
0.505207
0.007092
0.999163
0.992964
0.985981
0.052032
0.163203
0.185354
0.999443
0.999306
0.999101
0.998779
0.988025
0.976117
0.999293
0.999354
0.999417
0.620337
0.737788
0.999467
0.962941
0.948395
0.952350
0.999465
0.999154
0.998738
0.584870
0.780470
0.999250
0.998962
0.994516
0.989180
0.972171
0.865496
0.767588
0.443219
0.721452
0.999384
0.996642
0.997214
0.999251
0.999399
0.521218
0.038397
0.998921
0.999138
0.999373
0.989182
0.526533
0.034559
0.999455
0.998527
0.994744
0.092775
0.476034
0.816690
0.997207
0.992702
0.999415
0.998111
0.998510
0.999014
0.999418
0.999400
0.999386
0.886791
0.949269
0.990575
0.999434
0.999393
0.999340
0.996809
0.995952
0.998323
0.999350
0.999375
0.999416
0.999436
0.999254
0.999035
0.999425
0.549799
0.089127
0.999275
0.998507
0.995979
0.999107
0.969151
0.913917
0.972796
0.976081
0.999364
0.993687
0.977095
0.963652
0.994520
0.547386
0.097445
0.998368
0.998718
0.999277
0.999106
0.999176
0.999340
0.531775
0.737473
0.998990
0.998887
0.999149
0.999403
0.998733
0.999038
0.999294
0.493941
0.679483
0.998475
0.997908
0.998734
0.999467
0.996563
0.510398
0.022192
0.998816
0.503881
0.008357
0.999270
0.995034
0.987136
0.998227
0.699308
0.291816
0.999197
0.886195
0.589001
0.999279
0.999332
0.999343
0.013347
0.502690
0.996061
0.996172
0.508783
0.019711
0.999053
0.999217
0.999371
0.999408
0.999372
0.999366
0.998002
0.996373
0.993947
0.999262
0.999224
0.999236
0.997777
0.998063
0.999383
0.442925
0.743857
0.998628
0.999303
0.998536
0.996627
0.999151
0.996828
0.993931
0.870756
0.833788
0.773175
0.986507
0.996754
0.999303
0.283381
0.627908
0.995579
0.999407
0.998347
0.997144
0.999165
0.840783
0.649456
0.561646
0.770753
0.999438
0.996510
0.995141
0.991238
0.998362
0.992630
0.984158
0.999177
0.999182
0.999341
0.968213
0.976686
0.998210
0.999333
0.999366
0.999409
0.999424
0.991013
0.934567
0.949055
0.977201
0.976362
0.999329
0.986974
0.886551
0.947486
0.952103
0.942900
0.996997
0.986719
0.978189
0.995512
0.998085
0.999447
0.998999
0.905439
0.615497
0.999095
0.999253
0.999306
0.998295
0.998015
0.996798
0.991987
0.994617
0.998125
0.995318
0.996978
0.998708
0.999135
0.999145
0.999119
0.996231
0.996972
0.998491
0.032626
0.043355
0.049588
0.999477
0.998690
0.995865
0.998643
0.999036
0.999421
0.999170
0.999244
0.999313
0.999456
0.989048
0.969854
0.838231
0.887327
0.999402
0.992167
0.996396
0.998956
0.331389
0.702542
0.998610
0.999445
0.999224
0.998956
0.992106
0.496462
0.001553
0.011504
0.504421
0.998889
0.999259
0.999303
0.999339
0.560500
0.780258
0.998904
0.995190
0.996505
0.997446
0.999274
0.998873
0.998235
0.994685
0.995934
0.999414
0.998702
0.673256
0.289465
0.938360
0.876373
0.833504
0.999393
0.999397
0.999395
0.999443
0.999429
0.999410
0.999232
0.999245
0.999129
0.997428
0.998555
0.999434
0.008778
0.505102
0.999339
0.998811
0.998808
0.999413
0.999433
0.999437
0.999445
0.999329
0.974766
0.941729
0.999328
0.999331
0.999282
0.999270
0.995309
0.961916
0.999307
0.993150
0.982682
0.970229
0.965432
0.999401
0.999349
0.999325
0.999196
0.999408
0.998302
0.994783
0.997472
0.997999
0.998010
0.902298
0.935294
0.955778
0.999274
0.999279
0.999168
0.003835
0.013066
0.015293
0.550140
0.712070
0.962623
0.998006
0.995156
0.977674
0.990963
0.992559
0.997171
0.998787
0.999036
0.999312
0.999358
0.999258
0.998996
0.998370
0.998166
0.997584
0.224585
0.618336
0.999351
0.999226
0.999357
0.999491
0.970383
0.984272
0.999288
0.999298
0.999261
0.999213
0.991959
0.993513
0.999443
0.982562
0.968981
0.910559
0.981287
0.994690
0.998006
0.998533
0.734717
0.455626
0.999402
0.998998
0.998217
0.998658
0.979170
0.637915
0.999411
0.604267
0.150996
0.979769
0.857591
0.569214
0.998802
0.999122
0.999356
0.389980
0.705242
0.999376
0.999116
0.999208
0.999308
0.649801
0.765920
0.999228
0.291005
0.172697
0.002771
0.996539
0.997151
0.999450
0.269134
0.627367
0.999414
0.999262
0.993323
0.986407
0.882010
0.937790
0.999367
0.998993
0.697254
0.353372
0.499509
0.193004
0.003473
0.998679
0.998584
0.998201
0.163310
0.579689
0.999112
0.999400
0.898680
0.760227
0.999409
0.998602
0.997690
0.998847
0.999154
0.999358
0.429504
0.672699
0.999470
0.999198
0.999129
0.998877
0.999311
0.999333
0.999350
0.999370
0.509357
0.021617
0.999295
0.999262
0.999159
0.999432
0.999384
0.999328
0.351148
0.669248
0.977886
0.999441
0.998997
0.998162
0.777376
0.859969
0.999026
0.994743
0.988338
0.999130
0.997971
0.984358
0.941477
0.999302
0.999248
0.999088
0.989951
0.995598
0.999290
0.999337
0.998014
0.996468
0.998933
0.999091
0.999281
0.978365
0.983423
0.999352
0.999229
0.999316
0.999427
0.997693
0.997292
0.999380
0.993332
0.995727
0.995136
0.999314
0.542173
0.083884
0.999340
0.999382
0.999420
0.019192
0.249534
0.437342
0.999331
0.999317
0.999243
0.999449
0.999429
0.999412
0.094332
0.548591
0.998575
0.999376
0.997923
0.995151
0.999209
0.999218
0.999270
0.976704
0.988078
0.999323
0.010264
0.426456
0.817627
0.996071
0.958030
0.827818
0.998588
0.998961
0.999289
0.999321
0.999225
0.999005
0.993422
0.994044
0.999300
0.655826
0.558532
0.592324
0.066209
0.535713
0.992640
0.998302
0.899801
0.650840
0.998194
0.998779
0.999376
0.994062
0.981798
0.879544
0.999144
0.999259
0.999390
0.999014
0.780671
0.512394
0.468346
0.686785
0.997797
0.998849
0.997877
0.996441
0.999057
0.923284
0.824398
0.999312
0.998843
0.998083
0.999092
0.999137
0.999227
0.994986
0.904069
0.493080
0.945739
0.915692
0.888764
0.617206
0.772641
0.999316
0.995643
0.997475
0.998912
0.999210
0.998744
0.998259
0.994870
0.992207
0.999345
0.973439
0.985419
0.997131
0.999409
0.503043
0.006359
0.998007
0.998045
0.997317
0.993040
0.515357
0.028193
0.180836
0.594510
0.940599
0.999232
0.999123
0.998963
0.999310
0.996355
0.984400
0.999406
0.997451
0.992925
0.809046
0.896166
0.999076
0.995763
0.498310
0.001355
0.998414
0.997968
0.997364
0.996952
0.997764
0.999044
0.999398
0.914672
0.808221
0.999276
0.999185
0.999043
0.999238
0.992879
0.986776
0.999390
0.999125
0.998781
0.998520
0.998474
0.999001
0.999072
0.999173
0.999277
0.999427
0.958661
0.841840
0.997476
0.997431
0.997247
0.680630
0.777561
0.999414
0.999379
0.998132
0.996818
0.988414
0.987046
0.999168
0.989993
0.989521
0.999430
0.998825
0.998942
0.998850
0.997027
0.997908
0.998685
0.972375
0.985322
0.997070
0.999307
0.977249
0.900049
0.999361
0.999416
0.999454
0.997808
0.977995
0.945112
0.999089
0.999209
0.999319
0.997977
0.998743
0.999436
0.739458
0.867562
0.999354
0.208218
0.605999
0.999224
0.998159
0.996458
0.994279
0.999162
0.994933
0.990711
0.998640
0.998624
0.998659
0.997159
0.979760
0.949804
0.982219
0.992999
0.999397
0.984763
0.994778
0.990806
0.585351
0.421802
0.188630
0.999479
0.998989
0.998172
0.998465
0.995628
0.990903
0.115506
0.575788
0.999321
0.999360
0.999306
0.998971
0.996445
0.786577
0.519897
0.999427
0.999358
0.999286
0.999012
0.519449
0.034754
0.998773
0.998786
0.999420
0.998396
0.998545
0.998744
0.425045
0.682512
0.943620
0.179146
0.597954
0.999363
0.582062
0.629306
0.638894
0.995859
0.997724
0.999063
0.999135
0.533008
0.056254
0.905409
0.941624
0.999159
0.998337
0.998791
0.999300
0.999380
0.983817
0.967076
0.999414
0.999029
0.998619
0.060611
0.529015
0.999427
0.917033
0.951249
0.998857
0.351003
0.653323
0.987508
0.999273
0.999272
0.999177
0.999370
0.999090
0.998690
0.004335
0.501361
0.999442
0.999361
0.998765
0.995999
0.999216
0.996152
0.989618
0.996208
0.987192
0.988592
0.164711
0.589910
0.996031
0.998878
0.998857
0.998972
0.998290
0.997238
0.995416
0.002263
0.500788
0.999456
0.999317
0.999359
0.999361
0.999202
0.998797
0.997879
0.998622
0.964078
0.911521
0.088295
0.508545
0.910404
0.999243
0.546457
0.088374
0.993396
0.988793
0.999214
0.012585
0.507466
0.999327
0.999395
0.999362
0.999309
0.153645
0.206951
0.178153
0.998981
0.997547
0.995490
0.999271
0.998857
0.998777
0.655719
0.754037
0.938161
0.803557
0.896168
0.884998
0.999252
0.998975
0.998462
0.967816
0.972944
0.974677
0.569106
0.760877
0.999224
0.343885
0.663470
0.997702
0.996564
0.998348
0.999385
0.999331
0.999330
0.999425
0.891556
0.957686
0.999003
0.999025
0.948010
0.889802
0.999433
0.993159
0.984047
0.947128
0.959367
0.999104
0.998874
0.999099
0.999456
0.984525
0.988824
0.999421
0.992953
0.494203
0.004524
0.989553
0.994841
0.996363
0.913825
0.923100
0.999098
0.999305
0.998715
0.997902
0.987233
0.994023
0.999367
0.999172
0.999281
0.999413
0.998529
0.998568
0.998567
0.165793
0.602534
0.997388
0.999196
0.650479
0.288151
0.997824
0.998724
0.999287
0.997280
0.998176
0.999368
0.998877
0.998874
0.998823
0.997722
0.994902
0.997754
0.999345
0.663362
0.292767
0.935730
0.987624
0.999265
0.999500
0.998898
0.997102
0.998107
0.998160
0.995078
0.999215
0.950803
0.868084
0.809208
0.865364
0.999339
0.996184
0.997827
0.999344
0.974585
0.979238
0.920346
0.998936
0.998964
0.998994
0.092054
0.512466
0.992352
0.997281
0.997394
0.998830
0.998220
0.997224
0.996193
0.966900
0.994123
0.995876
0.999183
0.999265
0.999323
0.999367
0.998820
0.997815
0.999308
0.663266
0.302490
0.997921
0.998315
0.998582
0.998290
0.843301
0.648948
0.997291
0.997189
0.994783
0.999347
0.507949
0.016373
0.999336
0.959291
0.832910
0.999303
0.973659
0.947907
0.999317
0.801312
0.480491
0.999451
0.998770
0.998027
0.999400
0.999396
0.999386
0.999325
0.999369
0.999467
0.992596
0.916602
0.830571
0.998467
0.997691
0.996895
0.686181
0.680463
0.588084
0.999320
0.998907
0.998526
0.761937
0.890208
0.998410
0.999244
0.906964
0.693407
0.945678
0.972662
0.995338
0.999456
0.897136
0.587755
0.989822
0.533547
0.073684
0.317329
0.696979
0.939548
0.648064
0.796343
0.997251
0.166950
0.544125
0.999439
0.999413
0.999304
0.999155
0.999423
0.999139
0.998495
0.999400
0.998553
0.996495
0.950229
0.965231
0.951285
0.999014
0.541852
0.073366
0.999277
0.999062
0.998767
0.983559
0.982225
0.998899
0.999315
0.999125
0.998715
0.998384
0.985136
0.966018
0.995104
0.969134
0.945911
0.293745
0.397772
0.396348
0.784631
0.887278
0.998310
0.006896
0.496696
0.985912
0.996755
0.997302
0.999056
0.827439
0.909473
0.999437
0.999054
0.879405
0.757218
0.857736
0.903992
0.983105
0.998027
0.998310
0.999129
0.999171
0.999248
0.999326
0.017119
0.493756
0.959750
0.998032
0.998686
0.999295
0.999354
0.700706
0.377693
0.924026
0.895733
0.999422
0.086181
0.537842
0.999206
0.715371
0.763661
0.999336
0.995521
0.994657
0.999063
0.998380
0.996964
0.994278
0.999376
0.822175
0.587498
0.629345
0.831122
0.999406
0.491422
0.674669
0.998119
0.998984
0.999154
0.999360
0.182572
0.567714
0.999279
0.998185
0.681955
0.307672
0.982776
0.517046
0.046682
0.843360
0.953114
0.999426
0.999123
0.996666
0.989149
0.999265
0.998069
0.996768
0.998709
0.998986
0.999237
0.067583
0.532225
0.999228
0.999404
0.998421
0.995104
0.178343
0.580503
0.976988
0.866455
0.932382
0.998836
0.999486
0.999226
0.998928
0.998603
0.990298
0.975671
0.999410
0.999408
0.999379
0.998448
0.998934
0.999355
0.649980
0.760462
0.999135
0.999284
0.999364
0.999441
0.998295
0.998956
0.999345
0.970581
0.982974
0.998776
0.998608
0.998830
0.999101
0.999218
0.511632
0.016660
0.943315
0.983374
0.999052
0.992523
0.578100
0.156482
0.998682
0.984824
0.850413
0.999379
0.992491
0.866629
0.999300
0.998522
0.997608
0.987527
0.883316
0.763281
0.999099
0.999221
0.999384
0.996640
0.997916
0.999235
0.985674
0.983880
0.997371
0.999205
0.533716
0.047213
0.999406
0.999414
0.999414
0.731765
0.835133
0.999257
0.133623
0.565728
0.998627
0.004463
0.502015
0.999186
0.948526
0.797106
0.700381
0.998921
0.999039
0.999011
0.999326
0.995861
0.975509
0.449121
0.221656
0.001078
0.998971
0.891466
0.763474
0.002068
0.500737
0.999343
0.991484
0.984374
0.999039
0.504436
0.704893
0.998990
0.851033
0.895040
0.984069
0.999417
0.999353
0.999233
0.312783
0.605509
0.982079
0.999325
0.999395
0.999447
0.998726
0.996768
0.983449
0.978579
0.538330
0.081430
0.999468
0.999308
0.999154
0.999428
0.999366
0.999314
0.983300
0.992475
0.999241
0.996154
0.585047
0.160599
0.999378
0.999382
0.999364
0.999289
0.978672
0.954934
0.861255
0.934097
0.999242
0.998936
0.999048
0.999331
0.839136
0.917974
0.999030
0.256264
0.614806
0.999453
0.996817
0.998281
0.999313
0.801880
0.583748
0.402141
0.022643
0.513002
0.999395
0.999420
0.999425
0.999420
0.986076
0.993596
0.999357
0.062115
0.030906
0.001476
0.982539
0.981926
0.999253
0.994214
0.697780
0.401834
0.999378
0.999369
0.999348
0.999362
0.965689
0.929739
0.997275
0.998316
0.999431
0.999416
0.999403
0.999419
0.998609
0.998871
0.999139
0.999009
0.998750
0.996876
0.006081
0.501719
0.999047
0.983049
0.974616
0.996875
0.982489
0.621511
0.213861
0.997669
0.997244
0.996132
0.919402
0.956631
0.995406
0.977417
0.979246
0.998745
0.999168
0.588008
0.134705
0.596454
0.795044
0.999430
0.988332
0.993697
0.999478
0.082775
0.531064
0.999241
0.870960
0.423965
0.000974
0.999303
0.999245
0.999160
0.999107
0.999127
0.999287
0.997268
0.996438
0.994766
0.999189
0.999207
0.999244
0.998874
0.995475
0.985332
0.999388
0.999273
0.999152
0.031722
0.279293
0.399286
0.989977
0.995229
0.999108
0.999415
0.671334
0.315769
0.997138
0.998237
0.999338
0.935174
0.959745
0.997332
0.999037
0.998485
0.997778
0.999335
0.959580
0.875311
0.996823
0.844513
0.582138
0.999207
0.999322
0.999427
0.947602
0.870254
0.790091
0.999150
0.999264
0.999381
0.998633
0.996154
0.992846
0.999139
0.994600
0.988866
0.773291
0.891041
0.996121
0.999398
0.999221
0.999053
0.998771
0.971022
0.939291
0.999119
0.999011
0.998898
0.998202
0.998661
0.999043
0.998983
0.998987
0.998760
0.998448
0.503370
0.005561
0.994266
0.950942
0.911867
0.999244
0.998871
0.998340
0.914195
0.955771
0.999143
0.998792
0.998976
0.999148
0.058718
0.543770
0.999469
0.998588
0.998131
0.996690
0.036516
0.516023
0.998985
0.999020
0.999112
0.999254
0.999179
0.999206
0.999284
0.991883
0.903913
0.800351
0.999370
0.999377
0.999339
0.811500
0.928218
0.999444
0.996318
0.996832
0.996153
0.986363
0.992333
0.999284
0.998541
0.998551
0.998469
0.618675
0.803432
0.999035
0.999406
0.999354
0.999169
0.996564
0.995842
0.998991
0.999358
0.999393
0.999387
0.999245
0.997932
0.995924
0.999333
0.999373
0.999410
0.999396
0.999397
0.999377
0.999201
0.998366
0.997425
0.853791
0.931798
0.999248
0.011620
0.385158
0.666400
0.998475
0.941379
0.857860
0.007039
0.494085
0.960954
0.048253
0.513603
0.998827
0.060008
0.494316
0.864710
0.999109
0.998219
0.995110
0.295084
0.655081
0.999326
0.996127
0.995985
0.994119
0.999328
0.999362
0.999354
0.306097
0.657570
0.998340
0.999331
0.923365
0.838667
0.999434
0.999151
0.998706
0.997157
0.996546
0.999305
0.987285
0.994674
0.999395
0.998949
0.503531
0.008040
0.906255
0.952175
0.996685
0.877600
0.864871
0.865105
0.999459
0.501438
0.003009
0.999351
0.998967
0.998443
0.998148
0.549629
0.093405
0.999322
0.998894
0.997650
0.981990
0.625818
0.249435
0.999274
0.999355
0.999456
0.999475
0.999400
0.999242
0.999014
0.751774
0.473305
0.991394
0.597426
0.103357
0.474504
0.709322
0.999340
0.999433
0.999234
0.998919
0.999141
0.999287
0.999447
0.996850
0.998031
0.998428
0.474644
0.704812
0.995762
0.999296
0.999355
0.999373
0.986985
0.728881
0.421103
0.789607
0.906852
0.998898
0.636559
0.826900
0.999168
0.994999
0.976552
0.941542
0.991179
0.994165
0.994956
0.999142
0.966650
0.902544
0.998717
0.998616
0.998505
0.999500
0.999436
0.999377
0.996325
0.997644
0.999383
0.789500
0.838545
0.997901
0.867325
0.941638
0.950497
0.997031
0.997990
0.999123
0.999392
0.994310
0.983007
0.996861
0.998179
0.999396
0.998630
0.998861
0.999382
0.997418
0.993281
0.994470
0.003606
0.498991
0.990894
0.138638
0.559770
0.993199
0.996657
0.841972
0.556813
0.995353
0.989191
0.980807
0.999211
0.999271
0.999378
0.571243
0.736184
0.998996
0.998020
0.999194
0.999353
0.999345
0.928716
0.645353
0.999188
0.543665
0.084333
0.963619
0.903219
0.680737
0.999342
0.998418
0.997202
0.994363
0.996651
0.999088
0.999459
0.999365
0.999275
0.999393
0.551025
0.099609
0.998841
0.997456
0.990947
0.998613
0.998739
0.998823
0.951848
0.975613
0.999359
0.999385
0.999353
0.999304
0.978156
0.974411
0.996619
0.657171
0.629538
0.962756
0.379785
0.690608
0.999319
0.999139
0.999237
0.999295
0.944627
0.973046
0.999200
0.996203
0.995506
0.994506
0.968527
0.536416
0.110289
0.979996
0.988954
0.999458
0.999423
0.998292
0.995889
0.999466
0.998296
0.996887
0.934190
0.960586
0.999121
0.111496
0.469969
0.796927
0.999268
0.999330
0.999423
0.998090
0.998620
0.999409
0.999216
0.999336
0.999367
0.128078
0.596241
0.999378
0.978714
0.988419
0.998879
0.999070
0.534074
0.042039
0.999465
0.818689
0.475795
0.999428
0.999391
0.999340
0.005321
0.501975
0.998468
0.813193
0.922911
0.998467
0.995019
0.997007
0.999333
0.999022
0.999235
0.999391
0.996665
0.995621
0.997247
0.998571
0.998982
0.999364
0.992591
0.520682
0.047617
0.999305
0.999053
0.998764
0.999373
0.902832
0.758406
0.998122
0.956938
0.889813
0.943219
0.956505
0.999353
0.998936
0.998029
0.997154
0.999374
0.999339
0.999268
0.999280
0.988501
0.972029
0.835508
0.845966
0.999420
0.941829
0.985406
0.998999
0.998331
0.996732
0.994709
0.999104
0.992218
0.985266
0.999250
0.508189
0.016935
0.187220
0.571184
0.999109
0.019746
0.505316
0.999451
0.999211
0.884706
0.714866
0.999403
0.996460
0.993653
0.999312
0.999048
0.998733
0.999420
0.999281
0.998991
0.999386
0.999421
0.999456
0.622863
0.389724
0.198493
0.999304
0.954994
0.865137
0.999265
0.999325
0.999335
0.996160
0.991435
0.993355
0.766689
0.906245
0.999388
0.998449
0.565663
0.109499
0.998865
0.648330
0.220526
0.997421
0.997738
0.998263
0.999419
0.999406
0.999376
0.924749
0.968484
0.998688
0.999462
0.999051
0.995982
0.999380
0.999170
0.998206
0.999142
0.999106
0.999110
0.999396
0.999246
0.999083
0.996975
0.997532
0.999273
0.998450
0.571106
0.131643
0.999423
0.982940
0.888044
0.025145
0.512209
0.998461
0.993493
0.991733
0.998400
0.999312
0.726979
0.417502
0.999427
0.999408
0.999395
0.068570
0.527055
0.997439
0.996426
0.996720
0.998384
0.998909
0.998862
0.998831
0.999431
0.528838
0.050137
0.541510
0.775887
0.999504
0.994949
0.997004
0.999090
0.885248
0.933983
0.999328
0.995353
0.997079
0.999411
0.999441
0.997521
0.995023
0.001012
0.500057
0.999079
0.999194
0.999156
0.999219
0.028870
0.428382
0.825886
0.999448
0.998706
0.997721
0.969460
0.979879
0.977877
0.996439
0.997367
0.999283
0.999448
0.998981
0.998331
0.999223
0.943549
0.859410
0.999184
0.999258
0.999316
0.999241
0.506785
0.013597
0.999386
0.744824
0.473333
0.994817
0.996312
0.999274
0.972603
0.883673
0.609405
0.998719
0.998929
0.998947
0.999419
0.741581
0.373473
0.997372
0.998271
0.999300
0.999192
0.999306
0.999419
0.885907
0.939900
0.991364
0.999405
0.964994
0.895114
0.999326
0.999317
0.999306
0.999354
0.999349
0.999314
0.999169
0.502584
0.005143
0.562406
0.782079
0.998560
0.999290
0.999185
0.998993
0.844508
0.930089
0.998443
0.999409
0.999348
0.999290
0.999111
0.998797
0.997408
0.998249
0.998556
0.999052
0.999161
0.999201
0.999307
0.999328
0.954531
0.870357
0.995385
0.996449
0.999330
0.991857
0.993063
0.994674
0.998955
0.999143
0.999457
0.999293
0.998815
0.997296
0.999317
0.999180
0.998551
0.989639
0.980000
0.964091
0.982364
0.984770
0.999026
0.999333
0.999426
0.999486
0.998660
0.979542
0.959633
0.996411
0.997332
0.999490
0.999410
0.588805
0.139687
0.980522
0.988147
0.999298
0.983941
0.993741
0.999195
0.999349
0.999285
0.999210
0.999427
0.999221
0.998967
0.977725
0.975063
0.968510
0.997214
0.992843
0.981262
0.999350
0.999369
0.999383
0.718077
0.853460
0.998343
0.998394
0.998060
0.992758
0.996329
0.996578
0.998326
0.999334
0.999349
0.999358
0.484494
0.729294
0.998878
0.999446
0.999263
0.999062
0.078159
0.499388
0.941667
0.999419
0.999450
0.999484
0.026317
0.513067
0.999305
0.999251
0.994612
0.984642
0.934540
0.945555
0.998869
0.968152
0.987777
0.999320
0.842649
0.916805
0.987404
0.999155
0.999240
0.999310
0.999378
0.999283
0.999062
0.996222
0.997698
0.999046
0.999021
0.999013
0.998910
0.854511
0.925946
0.999261
0.258817
0.624059
0.999472
0.999421
0.998683
0.995323
0.139124
0.570296
0.999360
0.001112
0.498805
0.996430
0.996889
0.998555
0.999323
0.999414
0.998929
0.997556
0.999427
0.999185
0.998930
0.999254
0.999196
0.999112
0.339553
0.690903
0.997742
0.998738
0.998502
0.997848
0.999167
0.896330
0.737819
0.999168
0.954973
0.866058
0.999477
0.732837
0.453961
0.999186
0.999263
0.999314
0.084063
0.538601
0.999412
0.998618
0.996119
0.982782
0.594752
0.792194
0.998385
0.999460
0.999391
0.999259
0.995889
0.995491
0.996285
0.361077
0.626452
0.997979
0.999279
0.998684
0.997853
0.243917
0.576008
0.999183
0.999437
0.999379
0.999308
0.374588
0.573975
0.829755
0.999007
0.999144
0.999451
0.799665
0.912344
0.996473
0.999417
0.999177
0.998860
0.994590
0.996602
0.998911
0.999265
0.998507
0.997215
0.993642
0.949875
0.884979
0.999367
0.999347
0.999373
0.999317
0.998571
0.997387
0.999410
0.999148
0.998625
0.998881
0.906717
0.810745
0.998716
0.878204
0.742889
0.048736
0.530239
0.999416
0.999321
0.998982
0.997845
0.998235
0.998708
0.999299
0.596495
0.282821
0.016465
0.999376
0.998975
0.998479
0.008497
0.502735
0.997945
0.860168
0.934175
0.999370
0.998828
0.998677
0.998439
0.812911
0.405797
0.001617
0.961027
0.856489
0.752275
0.993077
0.996054
0.999330
0.999004
0.998951
0.999037
0.999387
0.998332
0.996744
0.999134
0.996896
0.993922
0.999268
0.999114
0.998902
0.018472
0.025742
0.033271
0.186906
0.579521
0.999308
0.999254
0.998776
0.998172
0.990787
0.996898
0.996696
0.921156
0.923797
0.880875
0.999177
0.999133
0.999104
0.416317
0.739341
0.998111
0.999364
0.999310
0.999232
0.999375
0.705866
0.372291
0.999477
0.999398
0.999185
0.999319
0.996031
0.991776
0.241171
0.539090
0.973732
0.999017
0.998728
0.997919
0.999156
0.887885
0.777381
0.997892
0.998321
0.998588
0.999063
0.999267
0.999455
0.995742
0.997277
0.998740
0.727645
0.826941
0.991918
0.999222
0.999138
0.999250
0.999301
0.980698
0.960712
0.999154
0.999089
0.998974
0.988999
0.987732
0.937301
0.999259
0.998954
0.998578
0.998071
0.799075
0.490396
0.998755
0.999018
0.999390
0.771474
0.843646
0.996662
0.998941
0.998813
0.998807
0.999214
0.965735
0.905678
0.995374
0.995781
0.997441
0.280385
0.607327
0.989277
0.999000
0.999084
0.999271
0.999249
0.999284
0.999228
0.999221
0.995554
0.975155
0.985834
0.996055
0.999441
0.980117
0.965971
0.995890
0.927704
0.962657
0.999426
0.998127
0.998651
0.999195
0.924544
0.965900
0.992786
0.999396
0.767354
0.394581
0.998856
0.998437
0.997764
0.998407
0.997876
0.999224
0.999336
0.994555
0.982663
0.999448
0.999276
0.999085
0.938953
0.891504
0.999483
0.999166
0.999136
0.998518
0.986155
0.995138
0.998913
0.090712
0.542553
0.999325
0.997466
0.998232
0.999084
0.999288
0.997437
0.994068
0.999381
0.999167
0.998710
0.303297
0.622783
0.999277
0.796685
0.852896
0.837190
0.997841
0.996580
0.990000
0.995551
0.994128
0.999418
0.998662
0.998982
0.999249
0.999311
0.997705
0.995623
0.999375
0.999434
0.999497
0.995227
0.997764
0.999374
0.473920
0.697636
0.999215
0.998243
0.998196
0.996411
0.832688
0.925645
0.998908
0.724222
0.857409
0.999323
0.559855
0.742315
0.989691
0.999292
0.962477
0.887480
0.998703
0.886295
0.760470
0.999121
0.999245
0.999408
0.999122
0.997258
0.992438
0.086389
0.200630
0.243732
0.983833
0.863083
0.631748
0.999410
0.999380
0.999390
0.126290
0.364562
0.570907
0.999424
0.999428
0.999424
0.974800
0.667625
0.224524
0.999440
0.919865
0.755400
0.998936
0.998629
0.999153
0.150793
0.575353
0.999313
0.999466
0.999310
0.999153
0.999438
0.983060
0.963799
0.999387
0.999121
0.998734
0.998474
0.998419
0.998598
0.999339
0.998659
0.997643
0.998992
0.997890
0.996325
0.004700
0.500586
0.997229
0.957364
0.979340
0.999212
0.997696
0.978550
0.934500
0.995535
0.996544
0.997305
0.994322
0.992399
0.996265
0.967515
0.974865
0.999384
0.996807
0.566551
0.126863
0.999427
0.999253
0.999040
0.999122
0.998415
0.996192
0.160219
0.557155
0.925025
0.502946
0.360834
0.206069
0.995063
0.996367
0.998740
0.999284
0.999362
0.999437
0.999440
0.999297
0.999147
0.999323
0.999385
0.999449
0.157122
0.562621
0.806973
0.997898
0.537139
0.074934
0.998072
0.998490
0.998818
0.998334
0.998358
0.998221
0.989303
0.981302
0.976707
0.004280
0.501866
0.999155
0.999398
0.999329
0.999320
0.126123
0.293001
0.339101
0.999299
0.994475
0.989672
0.014999
0.497470
0.984272
0.998699
0.998738
0.999049
0.998831
0.895417
0.585058
0.432265
0.274655
0.219785
0.999021
0.995875
0.991783
0.998989
0.999098
0.999283
0.994415
0.996786
0.998630
0.999459
0.996692
0.992988
0.998466
0.613539
0.227234
0.999279
0.651898
0.256956
0.506489
0.769598
0.999261
0.977428
0.951677
0.999466
0.995541
0.996994
0.999252
0.989282
0.994099
0.998373
0.999026
0.998894
0.998382
0.999304
0.997031
0.994086
0.983120
0.983802
0.999421
0.998272
0.998783
0.999211
0.999401
0.999325
0.999204
0.120546
0.561905
0.999183
0.780425
0.879368
0.999454
0.999366
0.999188
0.998909
0.228792
0.614205
0.999421
0.998726
0.999005
0.999264
0.997889
0.998859
0.999437
0.931945
0.965855
0.999350
0.999348
0.996197
0.983688
0.125811
0.561094
0.997609
0.999470
0.991804
0.981903
0.998866
0.999133
0.999489
0.999400
0.504904
0.006451
0.999436
0.999169
0.998656
0.999358
0.943985
0.875282
0.033760
0.516793
0.999282
0.999215
0.997539
0.995854
0.513784
0.748617
0.999386
0.999252
0.611538
0.210596
0.107950
0.548560
0.999171
0.999429
0.999270
0.998998
0.998666
0.552002
0.083276
0.998531
0.997849
0.982965
0.888907
0.948580
0.976867
0.999192
0.999225
0.999183
0.999336
0.999356
0.999323
0.999484
0.999445
0.999401
0.768969
0.860500
0.999167
0.999353
0.898285
0.644539
0.999433
0.998580
0.996991
0.968929
0.983027
0.998776
0.999265
0.995333
0.991929
0.993129
0.996080
0.999302
0.974427
0.517503
0.086955
0.967904
0.939438
0.963024
0.999210
0.742585
0.386418
0.999072
0.963394
0.917081
0.999263
0.999315
0.999339
0.984362
0.514443
0.229001
0.999342
0.999245
0.999096
0.999304
0.732446
0.413445
0.998169
0.804251
0.557931
0.999323
0.999310
0.999281
0.999221
0.999288
0.999397
0.999221
0.560377
0.102390
0.999357
0.995962
0.992503
0.998856
0.819497
0.423404
0.538125
0.349818
0.118976
0.022423
0.510191
0.997681
0.999477
0.873470
0.516846
0.928382
0.966037
0.999430
0.392144
0.685974
0.998598
0.997662
0.997971
0.999223
0.983309
0.991374
0.999439
0.999095
0.999185
0.999233
0.031535
0.026821
0.013658
0.904348
0.948127
0.996365
0.803608
0.913938
0.999379
0.642013
0.887747
0.999127
0.981719
0.989725
0.998497
0.910108
0.582868
0.250887
0.999406
0.999429
0.999458
0.204391
0.626787
0.983916
0.999278
0.999357
0.999447
0.018007
0.511162
0.999236
0.999421
0.503868
0.006218
0.900351
0.830690
0.621378
0.999331
0.999063
0.998644
0.080766
0.488141
0.890827
0.998242
0.551998
0.103798
0.974831
0.971006
0.999309
0.994280
0.996593
0.999372
0.999342
0.999286
0.999235
0.999404
0.707271
0.321085
0.990938
0.988091
0.998387
0.120203
0.522481
0.999148
0.999141
0.998888
0.998619
0.995672
0.500720
0.006139
0.999334
0.999293
0.999294
0.005341
0.502627
0.999284
0.590648
0.755449
0.998193
0.928883
0.963941
0.998974
0.965936
0.845816
0.681136
0.974558
0.983332
0.993528
0.854649
0.922832
0.998565
0.999435
0.999362
0.999314
0.999188
0.999028
0.998831
0.998998
0.636778
0.176184
0.998530
0.987313
0.962969
0.996435
0.996939
0.999489
0.995441
0.997417
0.999439
0.998897
0.998404
0.997793
0.998330
0.998552
0.998704
0.998817
0.644883
0.241021
0.999026
0.999087
0.999115
0.999347
0.909690
0.776929
0.941171
0.963153
0.983970
0.993332
0.996679
0.999400
0.999269
0.999278
0.999262
0.999310
0.612469
0.169157
0.999449
0.991908
0.981425
0.999161
0.999198
0.999225
0.999441
0.999450
0.999456
0.998711
0.998486
0.996600
0.999254
0.999307
0.999358
0.981603
0.991672
0.999344
0.020923
0.175994
0.318789
0.998561
0.998699
0.999105
0.999347
0.997895
0.995319
0.998991
0.997134
0.994880
0.747519
0.884480
0.995259
0.999313
0.999355
0.999401
0.995828
0.997558
0.999283
0.999215
0.570340
0.150398
0.387211
0.277353
0.131850
0.999484
0.999305
0.998949
0.999144
0.999290
0.999457
0.999333
0.519605
0.037684
0.999112
0.998840
0.998635
0.960890
0.978604
0.999430
0.997973
0.998514
0.998804
0.614977
0.726917
0.998742
0.009480
0.501743
0.999110
0.999180
0.576727
0.157572
0.993215
0.648693
0.258905
0.945715
0.973409
0.999322
0.999344
0.611303
0.188672
0.998731
0.999034
0.999295
0.999256
0.999208
0.999114
0.961821
0.977685
0.977006
0.999230
0.997970
0.996380
0.978335
0.985280
0.998260
0.998723
0.998935
0.999140
0.999224
0.999249
0.999256
0.999350
0.506274
0.007388
0.999208
0.999150
0.999013
0.005799
0.503018
0.999472
0.933764
0.992024
0.999289
0.224629
0.620619
0.998904
0.997066
0.838469
0.640273
0.998812
0.998985
0.999104
0.999145
0.511754
0.022375
0.015653
0.460011
0.852778
0.996821
0.979792
0.961810
0.961709
0.881112
0.981540
0.008753
0.459264
0.894846
0.801324
0.946245
0.999229
0.004810
0.501639
0.999169
0.998957
0.998881
0.998797
0.996977
0.996113
0.937548
0.998990
0.984771
0.710812
0.998841
0.998778
0.998751
0.999283
0.999193
0.998876
0.963903
0.983223
0.999190
0.999428
0.998463
0.997405
0.999342
0.999398
0.999441
0.999368
0.912796
0.813603
0.999374
0.999273
0.999078
0.999424
0.997507
0.993488
0.997833
0.915375
0.760233
0.999340
0.999175
0.998988
0.999389
0.998296
0.997152
0.972512
0.964686
0.995276
0.999364
0.782827
0.473264
0.999407
0.524585
0.047647
0.999225
0.999173
0.999126
0.993173
0.588072
0.197362
0.996626
0.998285
0.999283
0.999459
0.999413
0.999364
0.998967
0.999188
0.999363
0.997953
0.998327
0.998634
0.988235
0.494557
0.001422
0.912308
0.950441
0.998295
0.435032
0.500565
0.723365
0.999336
0.999333
0.999290
0.084542
0.510908
0.761603
0.999448
0.973980
0.946319
0.998227
0.998698
0.998994
0.998415
0.998791
0.998479
0.997554
0.959282
0.897853
0.968298
0.996150
0.997979
0.999337
0.977300
0.930426
0.980192
0.988842
0.998987
0.998828
0.998725
0.998449
0.992510
0.995534
0.999413
0.010754
0.501946
0.993239
0.999350
0.999355
0.999370
0.275665
0.638267
0.999244
0.999324
0.986996
0.932598
0.984010
0.860199
0.707580
0.999402
0.998357
0.996295
0.998246
0.998815
0.999355
0.999084
0.998842
0.998551
0.999372
0.998911
0.997830
0.859786
0.922818
0.999431
0.997419
0.998095
0.999356
0.113849
0.401990
0.601668
0.999495
0.999445
0.999375
0.999388
0.999354
0.999315
0.999232
0.936961
0.866688
0.175649
0.583050
0.999403
0.037799
0.517779
0.999219
0.999328
0.999088
0.998811
0.997360
0.997881
0.998407
0.280965
0.562361
0.995133
0.999236
0.999258
0.999132
0.999387
0.639210
0.179342
0.004771
0.488990
0.964627
0.998078
0.998509
0.999340
0.968917
0.983795
0.999274
0.008275
0.502401
0.997495
0.997388
0.967240
0.928127
0.999187
0.999245
0.999274
0.992232
0.975434
0.923191
0.402451
0.706463
0.996414
0.705974
0.845216
0.998609
0.139457
0.569622
0.999250
0.998974
0.998966
0.998804
0.996754
0.997343
0.990784
0.999431
0.999359
0.999262
0.998976
0.552581
0.058634
0.999182
0.999279
0.999444
0.944573
0.988460
0.999270
0.997315
0.998909
0.999470
0.952795
0.977027
0.998160
0.997980
0.956454
0.847383
0.368606
0.706760
0.999307
0.935877
0.906917
0.776539
0.998471
0.999134
0.999378
0.984900
0.494150
0.006826
0.999441
0.998232
0.995636
0.999247
0.999377
0.999377
0.999457
0.999282
0.998972
0.998916
0.589335
0.140377
0.997938
0.527657
0.043948
0.992033
0.994638
0.998673
0.996165
0.997087
0.997161
0.996892
0.997666
0.997194
0.999376
0.874035
0.710960
0.968387
0.989836
0.999233
0.309409
0.696494
0.999340
0.998360
0.987680
0.939702
0.992304
0.991257
0.999103
0.999132
0.994906
0.985042
0.999369
0.700760
0.325758
0.704015
0.777044
0.999338
0.998655
0.999092
0.999376
0.027236
0.505417
0.986797
0.997569
0.997997
0.999323
